6 0.54453125 0.446875 0.125 0.18125
3 0.540625 0.74453125 0.146875 0.2515625
0 0.70859375 0.4453125 0.1125 0.1578125
0 0.75 0.6859375 0.0984375 0.196875
3 0.95859375 0.6203125 0.0828125 0.1625
0 0.94765625 0.853125 0.1046875 0.253125
2 0.09375 0.14609375 0.1140625 0.2125
2 0.2421875 0.0859375 0.0828125 0.1484375
10 0.3890625 0.06484375 0.115625 0.125
10 0.51328125 0.0671875 0.1453125 0.134375
8 0.77890625 0.11796875 0.4078125 0.13125
7 0.88515625 0.03515625 0.1078125 0.0625
11 0.60390625 0.01640625 0.0390625 0.0328125
11 0.1347324140625 1 0.4403368890625 0.373319284375 0.5082323859375 0.3419451359375 0.996994125 0.4461377421875 0.9931766 0.3567088046875 0.4435727140625 0.2526141421875 0.0569042328125 1 0.1347324140625 1