2 0.634375 0.0171875 0.040625 0.009375
2 0.73671875 0.04296875 0.0421875 0.0234375
2 0.8546875 0.07265625 0.05 0.0421875
10 0.98203125 0.13359375 0.0359375 0.1140625
4 0.47109375 0.33515625 0.8640625 0.6703125
0 0.478125 0.3296875 0.08125 0.1234375
0 0.58359375 0.3796875 0.0765625 0.1203125
5 0.41015625 0.2328125 0.0828125 0.09375
0 0.54375 0.2109375 0.08125 0.1078125
1 0.63515625 0.23046875 0.05 0.0859375
3 0.57578125 0.16484375 0.034375 0.0625
6 0.6640625 0.178125 0.0421875 0.059375
3 0.55078125 0.1234375 0.0671875 0.0765625
5 0.49375 0.0875 0.0484375 0.0640625
6 0.47265625 0.05078125 0.0484375 0.05625
3 0.521875 0.065625 0.0265625 0.053125
6 0.584375 0.09453125 0.04375 0.0609375
1 0.6390625 0.128125 0.0625 0.0703125
1 0.63203125 0.08515625 0.0296875 0.0484375
5 0.66640625 0.10703125 0.0296875 0.05