2 0.64296875 0.0203125 0.040625 0.0109375
2 0.74453125 0.046875 0.04375 0.0234375
2 0.86171875 0.07890625 0.0515625 0.0421875
10 0.984375 0.1421875 0.03125 0.115625
4 0.4734375 0.33828125 0.871875 0.6765625
0 0.48125 0.32890625 0.0828125 0.1234375
0 0.5859375 0.38125 0.078125 0.1203125
5 0.41484375 0.23125 0.0828125 0.0953125
0 0.54921875 0.21171875 0.0828125 0.109375
1 0.63984375 0.2328125 0.05 0.0859375
3 0.58125 0.16640625 0.0359375 0.0625
6 0.66953125 0.18125 0.04375 0.059375
3 0.55703125 0.12421875 0.06875 0.078125
5 0.50078125 0.08671875 0.05 0.065625
6 0.48046875 0.05078125 0.0484375 0.0578125
3 0.5296875 0.06640625 0.028125 0.0546875
6 0.59140625 0.09609375 0.0453125 0.0609375
1 0.64609375 0.13046875 0.0640625 0.071875
1 0.6390625 0.0875 0.03125 0.0484375
5 0.67265625 0.11015625 0.0296875 0.05