2 0.0328125 0.0984375 0.065625 0.084375
2 0.1203125 0.0640625 0.053125 0.0375
2 0.478125 0.00234375 0.040625 0.0046875
10 0.8671875 0.02578125 0.078125 0.0515625
10 0.909375 0.04921875 0.075 0.0984375
4 0.41953125 0.33828125 0.8390625 0.6765625
0 0.4265625 0.34453125 0.0765625 0.121875
0 0.54296875 0.36015625 0.0734375 0.11875
5 0.33203125 0.2734375 0.0796875 0.0921875
0 0.45234375 0.21171875 0.078125 0.10625
1 0.54453125 0.2015625 0.046875 0.0859375
3 0.46875 0.1578125 0.0328125 0.0625
6 0.55625 0.14375 0.040625 0.059375
3 0.43203125 0.1265625 0.065625 0.075
5 0.36640625 0.109375 0.046875 0.0640625
6 0.33515625 0.08125 0.046875 0.05625
3 0.38671875 0.08046875 0.025 0.053125
6 0.4546875 0.08828125 0.0421875 0.059375
1 0.51796875 0.103125 0.0609375 0.06875
1 0.496875 0.06484375 0.028125 0.0484375
5 0.53671875 0.075 0.028125 0.05