6 0.5484375 0.45078125 0.121875 0.1796875
3 0.51953125 0.746875 0.1421875 0.25
0 0.7125 0.46328125 0.109375 0.15625
0 0.7328125 0.70703125 0.0953125 0.1953125
3 0.9515625 0.66015625 0.0921875 0.1609375
0 0.928125 0.8828125 0.125 0.234375
2 0.12578125 0.11171875 0.1109375 0.2109375
2 0.278125 0.06953125 0.08125 0.1390625
10 0.42734375 0.05859375 0.1140625 0.1171875
10 0.5515625 0.06796875 0.14375 0.1359375
8 0.80390625 0.14375 0.3921875 0.125
7 0.92421875 0.07109375 0.10625 0.0609375
11 0.64609375 0.02421875 0.0390625 0.0390625
11 1 0.3991705625 0.4653485359375 0.24863755781250002 0.0034969812500000004 0.977655859375 0.0808853625 0.9856689671875 0.45160487656250003 0.3686013609375 0.5219764484375 0.34326408124999996 0.99979731875 0.489658596875 1 0.48511765 1 0.3991705625