6 0.553125 0.45625 0.1390625 0.190625
3 0.49375 0.74765625 0.1671875 0.2609375
0 0.71484375 0.4859375 0.1234375 0.165625
0 0.71015625 0.7296875 0.115625 0.203125
3 0.9328125 0.70703125 0.1078125 0.16875
0 0.884375 0.9015625 0.15 0.196875
2 0.16875 0.0921875 0.13125 0.184375
2 0.32578125 0.06015625 0.0953125 0.1203125
10 0.4734375 0.05859375 0.125 0.1171875
10 0.596875 0.07578125 0.15625 0.1515625
8 0.81953125 0.178125 0.3609375 0.165625
7 0.95546875 0.11640625 0.0890625 0.0703125
11 0.6953125 0.0421875 0.0421875 0.04375
11 1 0.44887905000000006 0.491812890625 0.2463924828125 0 0.8679015140624999 0 0.9323612453125 0.0324150859375 0.9391990124999999 0.46560488749999995 0.3642625078125 0.5382394234375 0.3464198609375 0.9981403468750001 0.54195829375 1 0.5295972078125 1 0.44887905000000006