2 0.40390625 0.00859375 0.0671875 0.0171875
2 0.53515625 0.00703125 0.0515625 0.0140625
2 0.8484375 0.0859375 0.0515625 0.0453125
2 0.96640625 0.13828125 0.0671875 0.0953125
4 0.57734375 0.371875 0.8390625 0.74375
0 0.50546875 0.33359375 0.06875 0.096875
0 0.46796875 0.25859375 0.090625 0.1140625
5 0.5 0.184375 0.0703125 0.078125
0 0.62265625 0.22421875 0.090625 0.1171875
1 0.69296875 0.2828125 0.0515625 0.0875
6 0.79453125 0.2734375 0.0546875 0.0671875
3 0.6953125 0.21953125 0.0515625 0.0796875
3 0.7140625 0.17890625 0.0640625 0.08125
5 0.69140625 0.1375 0.059375 0.0703125
6 0.71171875 0.1078125 0.0484375 0.0546875
3 0.7453125 0.1328125 0.034375 0.046875
6 0.78515625 0.17734375 0.0453125 0.075
1 0.81484375 0.22890625 0.075 0.0875
1 0.85703125 0.19765625 0.0359375 0.0640625
5 0.884375 0.2296875 0.0390625 0.0609375