2 0.175 0.02578125 0.071875 0.0515625
2 0.3421875 0.01484375 0.0625 0.0296875
2 0.475 0.00546875 0.05 0.0109375
2 0.7953125 0.04609375 0.0484375 0.040625
2 0.92109375 0.084375 0.059375 0.090625
4 0.5609375 0.3578125 0.7796875 0.68125
0 0.48515625 0.334375 0.059375 0.09375
0 0.43828125 0.2640625 0.0796875 0.1078125
5 0.46171875 0.18671875 0.0625 0.0734375
0 0.58828125 0.21171875 0.0796875 0.1109375
1 0.66484375 0.2609375 0.0421875 0.0859375
6 0.76484375 0.23984375 0.0484375 0.0640625
3 0.66015625 0.19765625 0.04375 0.0765625
3 0.6734375 0.15546875 0.05625 0.0765625
5 0.6453125 0.1171875 0.053125 0.065625
6 0.6625 0.08515625 0.04375 0.05
3 0.6984375 0.10546875 0.0296875 0.04375
6 0.74375 0.14453125 0.0390625 0.071875
1 0.7796875 0.1921875 0.0671875 0.08125
1 0.8171875 0.15625 0.028125 0.0625
5 0.84921875 0.184375 0.0328125 0.059375