0 0.34140625 0.19375 0.0609375 0.05625
0 0.33515625 0.253125 0.0546875 0.0734375
0 0.490625 0.159375 0.0765625 0.0578125
1 0.5296875 0.21875 0.04375 0.0765625
3 0.57890625 0.16640625 0.0375 0.075
3 0.62734375 0.13828125 0.065625 0.0828125
5 0.6359375 0.08359375 0.0546875 0.040625
6 0.678125 0.20390625 0.0484375 0.0546875
1 0.73984375 0.17109375 0.0703125 0.0859375
5 0.8640625 0.16484375 0.0375 0.0609375
2 0.04296875 0.08046875 0.0671875 0.0625
2 0.1609375 0.0625 0.0703125 0.05625
2 0.28984375 0.034375 0.0609375 0.03125
2 0.425 0.01640625 0.0640625 0.0296875
2 0.55546875 0.00703125 0.0421875 0.0140625
2 0.65703125 0.00390625 0.0703125 0.0078125
2 0.78984375 0.00859375 0.0609375 0.0171875
2 0.91796875 0.0390625 0.0671875 0.078125
1 0.846875 0.12578125 0.0515625 0.040625
5 0.40234375 0.15546875 0.05625 0.0640625
3 0.70625 0.09140625 0.05 0.05
6 0.6828125 0.07265625 0.0546875 0.059375
0 0.51853355 0.1380993328125 0.45451166093750006 0.14875886875 0.458109584375 0.1972932703125 0.485631446875 0.2163031203125 0.5050171140625 0.213922859375 0.5018011171875 0.18773066875 0.521891321875 0.17826730468750002 0.51853355 0.1380993328125
6 0.7248404484375001 0.1323584984375 0.750091003125 0.12645948125 0.744308575 0.09218649375 0.7264737609374999 0.09437633437500001 0.7248404484375001 0.1323584984375
4 0.234637696875 0.3324797484375 0.2504326671875 0.15982342656249998 0.2320466625 0.1382925171875 0.183573825 0.36533666875000004 0.1930800390625 0.4299374546875 0.9710528921874999 0.2336634171875 0.9620819546874999 0.160600990625 0.7596319312500001 0.056721362500000004 0.7575183156249999 0.07797066875 0.9470537234374999 0.17923805625 0.234637696875 0.3324797484375