0 0.396875 0.17109375 0.0578125 0.053125
0 0.38046875 0.22890625 0.05 0.0703125
0 0.55 0.16328125 0.0734375 0.053125
1 0.578125 0.228125 0.0390625 0.075
3 0.63515625 0.18515625 0.0328125 0.0734375
3 0.68828125 0.165625 0.0609375 0.0796875
5 0.70625 0.11328125 0.053125 0.0375
6 0.7265625 0.23984375 0.0453125 0.0515625
1 0.79296875 0.21796875 0.065625 0.08125
5 0.9171875 0.2328125 0.034375 0.0578125
2 0.12265625 0.01796875 0.0640625 0.0359375
2 0.24140625 0.01796875 0.0671875 0.0359375
2 0.3734375 0.009375 0.059375 0.01875
2 0.509375 0.01171875 0.0625 0.0234375
2 0.64140625 0.01796875 0.040625 0.0234375
2 0.74296875 0.025 0.06875 0.0296875
2 0.87421875 0.0453125 0.0578125 0.05625
2 0.98359375 0.090625 0.0328125 0.134375
1 0.90625 0.1921875 0.0484375 0.0390625
5 0.4640625 0.14375 0.053125 0.0609375
3 0.77421875 0.13359375 0.046875 0.046875
6 0.75390625 0.1109375 0.0515625 0.05625
0 0.5810953750000001 0.1468157328125 0.5161951124999999 0.14619604375 0.511310465625 0.194617871875 0.5351131828125 0.2181180390625 0.5546176671875 0.21914022656249998 0.5559987546875 0.19278750312499998 0.577427040625 0.1869565359375 0.5810953750000001 0.1468157328125
6 0.78526489375 0.1769869328125 0.8111561890625 0.17556224843749998 0.81141305 0.1408058359375 0.7934689265625 0.13986542500000002 0.78526489375 0.1769869328125
4 1 0.23538619062500002 0.832662065625 0.1085403734375 0.8268906578124999 0.1290998296875 0.9959617 0.26174121562499997 0.2677587328125 0.2889450765625 0.3132951984375 0.121654559375 0.29892732187500004 0.09725805781249999 0.2117650921875 0.312435678125 0.20990907656250002 0.3777057703125 1 0.3202449875 1 0.23538619062500002