0 0.4140625 0.165625 0.0609375 0.05625
0 0.39453125 0.22265625 0.053125 0.071875
0 0.5671875 0.16640625 0.075 0.0578125
1 0.5921875 0.2328125 0.0421875 0.0765625
3 0.6515625 0.1921875 0.0375 0.075
3 0.70546875 0.17578125 0.0640625 0.0828125
5 0.7265625 0.125 0.0546875 0.0390625
6 0.73984375 0.2515625 0.0484375 0.0546875
1 0.8078125 0.23359375 0.06875 0.084375
5 0.93046875 0.25546875 0.0375 0.059375
2 0.1484375 0.009375 0.065625 0.01875
2 0.26796875 0.01171875 0.0703125 0.0234375
2 0.39921875 0.00703125 0.0609375 0.0140625
2 0.53515625 0.0125 0.0640625 0.025
2 0.66640625 0.02578125 0.0421875 0.0265625
2 0.76796875 0.0390625 0.0703125 0.0328125
2 0.89765625 0.065625 0.059375 0.0578125
2 0.9921875 0.11640625 0.015625 0.1359375
1 0.921875 0.21328125 0.05 0.040625
5 0.4828125 0.1421875 0.05625 0.0640625
3 0.79296875 0.1484375 0.0484375 0.0484375
6 0.77421875 0.125 0.053125 0.0578125
0 0.5994684718750001 0.15154396406249998 0.5346895875000001 0.14752850625 0.52727743125 0.19562833125 0.5498176234375001 0.22034203125000001 0.5692418796875 0.222383603125 0.5720002703125 0.196139275 0.5937043578125001 0.19143776875000001 0.5994684718750001 0.15154396406249998
6 0.8017791453124999 0.192359221875 0.8277095203125 0.19229153593749998 0.8297850406249999 0.15759620000000002 0.811914725 0.155717953125 0.8017791453124999 0.192359221875
4 1 0.28790793593749997 0.279122771875 0.2770797515625 0.333352140625 0.1124016953125 0.32028076875 0.08728667031250001 0.221976465625 0.2976076796875 0.21670702031250003 0.362691184375 1 0.346835871875 1 0.28790793593749997