2 0.05390625 0.2546875 0.0984375 0.2125
2 0.16484375 0.15625 0.084375 0.1625
2 0.25078125 0.103125 0.05625 0.128125
2 0.2859375 0.065625 0.04375 0.109375
2 0.46484375 0.0703125 0.05625 0.115625
2 0.5984375 0.06796875 0.0515625 0.1140625
2 0.69609375 0.07578125 0.0546875 0.1140625
10 0.85078125 0.1140625 0.2296875 0.2109375
8 0.92890625 0.24296875 0.1421875 0.1515625
4 0.3972475015625 0.2098424140625 0.5911798484374999 0.20708221093749998 0.60763228125 0.22195549374999998 0.8521968093750001 0.738893959375 0.8581759734375 0.7978862999999999 0.182724009375 0.9045759656250001 0.167402090625 0.95964695625 0.183355815625 0.9888015156250001 0.9328519625 0.8592775265625001 0.951243771875 0.8186124593749999 0.6076765281250001 0.169528434375 0.39556847500000003 0.18118636875 0.394011371875 0.2001969359375 0.3972475015625 0.2098424140625
1 0.6890625 0.60546875 0.0640625 0.153125
1 0.39140625 0.57109375 0.096875 0.153125
1 0.51875 0.33046875 0.0265625 0.0640625
6 0.52421875 0.5546875 0.0796875 0.125
6 0.53828125 0.46015625 0.0515625 0.1
6 0.546875 0.20859375 0.040625 0.053125
3 0.6015625 0.3234375 0.0578125 0.090625
3 0.5390625 0.28359375 0.03125 0.0609375
3 0.471875 0.21484375 0.034375 0.0515625
0 0.4671875 0.2734375 0.05625 0.0703125
0 0.496875 0.24296875 0.025 0.0453125
0 0.57265625 0.24140625 0.0375 0.0609375
5 0.46796875 0.38671875 0.0734375 0.1
5 0.62890625 0.41015625 0.046875 0.096875
5 0.4421875 0.32265625 0.034375 0.0578125