2 0.08203125 0.209375 0.11875 0.2203125
2 0.20234375 0.12265625 0.1 0.16875
2 0.29296875 0.07890625 0.06875 0.1328125
2 0.33203125 0.05078125 0.0546875 0.1015625
2 0.51015625 0.06875 0.0671875 0.1203125
2 0.64296875 0.08046875 0.0640625 0.11875
2 0.7390625 0.09921875 0.0671875 0.1171875
10 0.88203125 0.15234375 0.2359375 0.2328125
8 0.9375 0.2890625 0.125 0.165625
4 0.4281401171875 0.2006913671875 0.6212986015624999 0.21821773437499997 0.636106225 0.2347292875 0.8252962187499999 0.7743998640624999 0.8250762500000001 0.8336940328125 0.14217237656249998 0.869195284375 0.1211779078125 0.9223630140625 0.13399675312499998 0.9530254796875001 0.8929260265625001 0.9025547171875001 0.915467740625 0.8640348859375001 0.64163035 0.1825940546875 0.4294656609375 0.172016796875 0.4259299421875 0.190760459375 0.4281401171875 0.2006913671875
1 0.67734375 0.62421875 0.0796875 0.1578125
1 0.384375 0.559375 0.1125 0.1609375
1 0.5359375 0.3328125 0.0328125 0.065625
6 0.51796875 0.55703125 0.0921875 0.13125
6 0.5421875 0.4640625 0.0609375 0.1046875
6 0.57734375 0.21484375 0.0453125 0.05625
3 0.61953125 0.33515625 0.0671875 0.0953125
3 0.5609375 0.28828125 0.0375 0.0625
3 0.5015625 0.21328125 0.0390625 0.0546875
0 0.49140625 0.271875 0.0625 0.075
0 0.52421875 0.24375 0.028125 0.0484375
0 0.59921875 0.25078125 0.04375 0.0640625
5 0.4796875 0.384375 0.0828125 0.10625
5 0.6375 0.42421875 0.05625 0.1015625
5 0.4609375 0.31796875 0.040625 0.0609375