2 0.040625 0.31015625 0.08125 0.2171875
2 0.12578125 0.19921875 0.0921875 0.165625
2 0.20390625 0.1359375 0.0625 0.13125
2 0.23515625 0.0953125 0.05 0.1109375
2 0.4125 0.078125 0.0609375 0.11875
2 0.5453125 0.059375 0.0578125 0.115625
2 0.64296875 0.05625 0.0609375 0.1125
10 0.8 0.0921875 0.240625 0.184375
8 0.90078125 0.1921875 0.1609375 0.159375
4 0.32391735312500003 1 0.973410465625 0.8038481421875 0.9867093609375001 0.7612447890625 0.566599571875 0.1588692515625 0.35749328281250004 0.19628975937499998 0.3582645921875 0.2153483859375 0.3626520890625 0.224527584375 0.5548025078125 0.198153546875 0.5729449046874999 0.21091091875 0.8786854375 0.6941912859375 0.8918093921875 0.7520152312499999 0.23439434375 0.940226534375 0.2258980984375 0.99675430625 0.2282293359375 1 0.32391735312500003 1
1 0.70078125 0.58125 0.071875 0.15625
1 0.40078125 0.58359375 0.1046875 0.1578125
1 0.49765625 0.32890625 0.0296875 0.065625
6 0.53046875 0.5515625 0.0859375 0.128125
6 0.5328125 0.45546875 0.05625 0.1015625
6 0.5109375 0.2046875 0.04375 0.0546875
3 0.57890625 0.3125 0.0625 0.0921875
3 0.5125 0.28046875 0.034375 0.0609375
3 0.43671875 0.2203125 0.0375 0.053125
0 0.43984375 0.2796875 0.059375 0.0734375
0 0.465625 0.2453125 0.0265625 0.046875
0 0.540625 0.234375 0.040625 0.0625
5 0.4546875 0.3921875 0.078125 0.103125
5 0.6171875 0.39453125 0.0515625 0.1
5 0.42109375 0.33125 0.0375 0.059375