2 0.22265625 0.13671875 0.115625 0.1875
2 0.34609375 0.0890625 0.0890625 0.1546875
2 0.434375 0.06484375 0.06875 0.1296875
2 0.47734375 0.0515625 0.0609375 0.103125
2 0.63671875 0.08125 0.0703125 0.11875
2 0.77109375 0.11796875 0.078125 0.134375
2 0.87890625 0.14375 0.0796875 0.1234375
10 0.95078125 0.21328125 0.0984375 0.2859375
1 0.35 0.47109375 0.0859375 0.128125
1 0.58359375 0.62265625 0.0953125 0.15
1 0.565625 0.32734375 0.04375 0.0671875
6 0.46328125 0.50546875 0.090625 0.125
6 0.5203125 0.43515625 0.0484375 0.084375
6 0.6546875 0.23359375 0.0546875 0.0640625
5 0.496875 0.35234375 0.0671875 0.0953125
5 0.628125 0.4375 0.06875 0.10625
5 0.5015625 0.2890625 0.0375 0.059375
3 0.646875 0.35234375 0.075 0.0953125
3 0.60546875 0.29296875 0.028125 0.0515625
3 0.57890625 0.22421875 0.0359375 0.053125
0 0.54921875 0.265625 0.0640625 0.0765625
0 0.66171875 0.26328125 0.04375 0.0578125
0 0.590625 0.246875 0.0328125 0.053125
4 0.7387080765625 1 0.7446168671875 0.9923517546875 0.7315728499999999 0.21293738437499998 0.5341976140625 0.1659426390625 0.5202499406250001 0.17245093281249999 0.520457971875 0.1918348390625 0.7082519703125 0.24751976406249998 0.6915148140625 0.8411085937499999 0.66071329375 0.8872700546875001 0.10025534218750001 0.6110965265625 0.07545184375 0.6438052046875 0.08141840156249999 0.6819395359375 0.6493718359375 1 0.7387080765625 1