9 0.42840789843750005 1 0.6734715875 0.9845215406250001 0.6567599578125 0.87036524375 0.6815880390625 0.830049146875 0.669656496875 0.65673579375 0.5967717875 0.516363121875 0.5487609234375 0.4781165484375 0.5293070156249999 0.2930249734375 0.5383564140625 0.24459150937500002 0.5164641249999999 0.22315131406250002 0.4716902078125 0.23065032031250002 0.45899523750000004 0.289242725 0.4696040609375 0.49481550625 0.4517256890625 0.519039228125 0.4314733859375 0.5281505265625001 0.3995692703125 0.6655715546875001 0.3978029609375 0.716032615625 0.415616884375 0.8705726953124999 0.3748934765625 1 0.42840789843750005 1
10 0.0548568453125 1 0.098506846875 0.9290400109375 0.101255809375 0.9140874203125 0.0779278484375 0.8341434703124999 0.04898095 0.7156869953125 0 0.48217983125 0 0.5219355703125 0.0505794015625 1 0.0548568453125 1
2 0.0448499640625 0.38863271875 0.039385634375 0.39269839218749997 0.0385844953125 0.45981647968750006 0.041180225 0.465828084375 0.0461579421875 0.4646066359375 0.071994215625 0.4563049765625 0.0448499640625 0.38863271875
2 0.16470906406250002 0.4116467703125 0.1473670125 0.3624958109375 0.14190268281250001 0.3665614828125 0.1403917640625 0.38208221875000004 0.1403326296875 0.41141575937499997 0.1412037 0.4197034421875 0.144456759375 0.4207580703125 0.16470906406250002 0.4116467703125
2 0.2532325921875 0.4093252703125 0.2518749078125 0.4038818109375 0.23577090156249997 0.355298996875 0.23050282812499998 0.353757884375 0.2284206234375 0.404950415625 0.23999855937499998 0.414207571875 0.248861128125 0.412577809375 0.2532325921875 0.4093252703125
2 0.33971419531249997 0.3464689265625 0.33588179375 0.40343156875 0.3563733765625 0.40407089375 0.35967751406250004 0.3981374578125 0.3452726265625 0.35077259843749997 0.33971419531249997 0.3464689265625
2 0.45744669687500006 0.34177570625000003 0.45252005781250004 0.336009090625 0.44967699375 0.34259233437500003 0.44587013124999997 0.3960609453125 0.46558474375000003 0.396781934375 0.463944759375 0.3662304390625 0.45744669687500006 0.34177570625000003
2 0.5825658140625001 0.38867634687499997 0.570542915625 0.3340784328125 0.5642075140625 0.3298564234375 0.559111528125 0.3897449515625 0.5825658140625001 0.38867634687499997
2 0.6729322671875 0.3254116859375 0.6650698359375 0.38140136406249997 0.6878923296874999 0.38179569999999996 0.68886555625 0.3761072546875 0.6786358765625 0.3310966390625 0.6729322671875 0.3254116859375
2 0.7769696625 0.3249509609375 0.770105996875 0.37175815624999997 0.7891888171875 0.373942090625 0.7939017171875 0.3664640484375 0.78292060625 0.3180410640625 0.7769696625 0.3249509609375
2 0.8562986140625 0.3696816453125 0.8646234906249999 0.3778841703125 0.880478790625 0.375519440625 0.8712734171875001 0.317832315625 0.86508319375 0.3149915859375 0.8562986140625 0.3696816453125
2 0.9609072937500001 0.333549121875 0.9573894171875 0.3262379 0.9535045656250001 0.3266462140625 0.940442621875 0.39295815625 0.9699164124999999 0.3968430328125 0.9698733890625 0.381485621875 0.9609072937500001 0.333549121875
11 0.1194109109375 0.459002246875 0.19958402343749998 0.45197225156250004 0.241642571875 0.433586328125 0.23577630156249998 0.407668653125 0.1652171890625 0.4164812515625 0.1165073421875 0.4313766390625 0.1194109109375 0.459002246875
7 0.89035358125 0.39473137812500003 0.8867671421875001 0.3755567796875 0.8495747281250001 0.3655004671875 0.7706651984375 0.36960457343750003 0.7715792921875 0.393249665625 0.8188723187500001 0.4022443625 0.89035358125 0.39473137812500003