9 0.5350268453125 1 0.5486008453125 0.8992268234375 0.5835797515625 0.86731605 0.619882053125 0.6974277828125001 0.588512725 0.5424031625 0.5529039046875 0.49240460781250006 0.5852217609375 0.30912094375 0.6072706718750001 0.2650580609375 0.592136171875 0.2384140890625 0.5470297140625 0.233281234375 0.5186762703125 0.28610466093750003 0.47221058749999995 0.4866380890625 0.4483478328125 0.5049954765625 0.42636865312500005 0.508171528125 0.35782208125000003 0.6314751328125 0.3422152421875 0.6794945578125 0.316742065625 0.8329581984375001 0.2399276328125 0.9491626984374999 0.471419709375 1 0.5350268453125 1
10 0 0.793299878125 0.002564521875 0.78813758125 0.002175784375 0.7048604671875001 0.0070012703125 0.5830139484375 0.027275056250000002 0.303820659375 0 0.459130396875 0 0.793299878125
2 0.0931786875 0.267490546875 0.086805384375 0.2698925484375 0.0675350296875 0.334189771875 0.06837318125 0.3406839765625 0.073494746875 0.3408818890625 0.10061841406250001 0.340023265625 0.0931786875 0.267490546875
2 0.2020511171875 0.32265071875 0.1989287078125 0.270623665625 0.19255540468750001 0.2730256671875 0.186824921875 0.28752869062499997 0.178682659375 0.31570960000000003 0.1772355921875 0.32391633125 0.1800719375 0.3258267703125 0.2020511171875 0.32265071875
2 0.28778528593749997 0.344819540625 0.2879806171875 0.33921272187499996 0.28589169062500003 0.28807305781250003 0.28125248125 0.28513956875 0.2651403625 0.3337750546875 0.273718171875 0.3458649140625 0.28268664375 0.3467411421875 0.28778528593749997 0.344819540625
2 0.3882422953125 0.308235703125 0.36885732187500003 0.36193535625 0.3883788734375 0.3681981609375 0.393190490625 0.363405321875 0.3923991484375 0.3139047703125 0.3882422953125 0.308235703125
2 0.502707665625 0.3361757671875 0.4995613703125 0.3292745734375 0.49501385468750003 0.33481914062499996 0.47661651718750003 0.385167153125 0.49536868749999996 0.391294296875 0.5022133656250001 0.3614742734375 0.502707665625 0.3361757671875
2 0.6100523109375 0.415747059375 0.613544384375 0.35995021562499996 0.6086181500000001 0.3541454859375 0.5872120578125 0.410309390625 0.6100523109375 0.415747059375
2 0.7143562265625001 0.379841534375 0.6913655249999999 0.4314950875 0.7131952203124999 0.4381648796875 0.7156986937500001 0.4329650515625 0.7182719015625 0.386878390625 0.7143562265625001 0.379841534375
2 0.8144903812500001 0.4080752484375 0.794990790625 0.45117733125 0.8127324015624999 0.45853659999999996 0.819323959375 0.45264729687500005 0.822115421875 0.40307333281249996 0.8144903812500001 0.4080752484375
2 0.8784168171875001 0.4729391640625 0.8841582796875 0.4831185859375 0.9000511796874999 0.485215775 0.9071031328125001 0.42722600625 0.9019357203125 0.42278906562499996 0.8784168171875001 0.4729391640625
2 0.98893260625 0.467040415625 0.9875662515625001 0.45904275937500005 0.983719346875 0.45836444531250004 0.9528853515625 0.518507215625 0.9801465609375001 0.5303656765625 0.98433828125 0.5155913265625001 0.98893260625 0.467040415625
11 0.1454548 0.35568585937499997 0.22445987031249998 0.3710269 0.2699569890625 0.364946121875 0.27146184687499997 0.338415490625 0.20120699375 0.327437978125 0.150278359375 0.328330090625 0.1454548 0.35568585937499997
7 0.904247909375 0.506405334375 0.9060856390625001 0.48698497031250004 0.873105890625 0.467066603125 0.7961219390625 0.4492613109375 0.79048315 0.47224239062500006 0.8334648515625 0.49392437187500005 0.904247909375 0.506405334375