2 0.1484375 0.20859375 0.0953125 0.1796875
2 0.2578125 0.134375 0.071875 0.15
2 0.3375 0.08984375 0.053125 0.128125
2 0.37734375 0.065625 0.0484375 0.1046875
2 0.5390625 0.06171875 0.0578125 0.1140625
2 0.678125 0.06640625 0.0640625 0.128125
2 0.78984375 0.06796875 0.065625 0.1171875
10 0.9140625 0.12421875 0.146875 0.2484375
1 0.34765625 0.50546875 0.0734375 0.121875
1 0.609375 0.60078125 0.0796875 0.14375
1 0.525 0.3171875 0.0359375 0.0640625
6 0.465625 0.51328125 0.078125 0.11875
6 0.5046875 0.4328125 0.040625 0.08125
6 0.590625 0.20546875 0.0484375 0.0578125
5 0.46328125 0.35703125 0.0578125 0.090625
5 0.6109375 0.41015625 0.0578125 0.1015625
5 0.45390625 0.29453125 0.03125 0.05625
3 0.609375 0.32265625 0.065625 0.0890625
3 0.55625 0.275 0.0234375 0.05
3 0.51484375 0.2140625 0.0296875 0.05
0 0.4953125 0.2609375 0.05625 0.0703125
0 0.60390625 0.23359375 0.0375 0.0546875
0 0.53125 0.2328125 0.0265625 0.05
4 0.1330741109375 0.771436809375 0.8266337125 0.97358218125 0.8491023984374999 0.9247059890625 0.6610626140625 0.16820222499999998 0.45817457656249994 0.1668117171875 0.446048428125 0.17629074843749998 0.45061155625 0.19513105 0.646118790625 0.207144315625 0.7633390390625 0.78928454375 0.7437110296875 0.8411917234375 0.1354920515625 0.6981721109375 0.11868211718749999 0.7356220421875 0.1330741109375 0.771436809375