9 0.5365124859375 0.2941738578125 0.547246675 0.24608571562499998 0.526115975 0.22389455156250002 0.481107621875 0.229826403125 0.4663755390625 0.2879400671875 0.4698035140625 0.49375786250000003 0.4510906375 0.5173428796875 0.43053269062500005 0.5257418328125001 0.3938520859375 0.6619657109375 0.3903257875 0.7123343890625 0.40273548750000004 0.8674020234375 0.356315184375 0.998737846875 0.65645635625 0.9902804546875 0.643738903125 0.8756104718750001 0.6699588703125 0.836185421875 0.664083146875 0.662561240625 0.596141771875 0.519730440625 0.5494949421875 0.47983161093750004 0.5365124859375 0.2941738578125
10 0 0.5109998203125 0.033823712500000006 0.9899623375 0.0837781453125 0.9147667421874999 0.08704727031250001 0.8999191984375001 0.0665235234375 0.8192098124999999 0.04172833125 0.6998152671875 0 0.45940302343750006 0 0.5109998203125
2 0.049013892187500005 0.3728160546875 0.043411 0.376688546875 0.0402679625 0.443737790625 0.0426523078125 0.449836321875 0.0476696203125 0.4487893359375 0.07377987968750001 0.44139440937499996 0.049013892187500005 0.3728160546875
2 0.167996796875 0.3999991078125 0.1523806546875 0.3502728609375 0.14677776250000002 0.3541453546875 0.1447260984375 0.36960390468750004 0.14364327500000001 0.3989175125 0.1442245796875 0.407230546875 0.14743885 0.4083980625 0.167996796875 0.3999991078125
2 0.25654741875 0.4007684484375 0.2553805359375 0.3952809234375 0.2409818546875 0.34616568124999997 0.235770775 0.34444165625 0.23190324375000002 0.39553033437499996 0.24315105781250002 0.4051859140625 0.2520651046875 0.40386644374999997 0.25654741875 0.4007684484375
2 0.34516999375 0.340968559375 0.33935195937499996 0.3977627515625 0.35980874687500003 0.399116834375 0.3633179453125 0.3933023265625 0.35057484375 0.345463596875 0.34516999375 0.340968559375
2 0.46299456718750004 0.340387003125 0.45827218125 0.33445196250000003 0.45520109687500004 0.340931975 0.44953052656250003 0.39423515625 0.46920796718749996 0.39564373750000004 0.4686352125 0.36505361875000003 0.46299456718750004 0.340387003125
2 0.58640065625 0.39162566718749997 0.5762905218750001 0.3366414203125 0.570106325 0.3322008796875 0.562923365625 0.3918750796875 0.58640065625 0.39162566718749997
2 0.6789199671875 0.331553290625 0.6691083140625 0.387234465625 0.6919031421875 0.3884250546875 0.6930742999999999 0.38277403906249996 0.6844217 0.3374338328125 0.6789199671875 0.331553290625
2 0.7829100625 0.3347236984375 0.7744170312499999 0.3812628421875 0.7934120078125 0.384111425 0.7983830171874999 0.3768024171875 0.7890985328125 0.3280256953125 0.7829100625 0.3347236984375
2 0.8606296109375 0.3821956734375 0.8686631531250001 0.39068373749999996 0.8845913218750001 0.3888737890625 0.8774048078125001 0.3309005421875 0.8713174953125 0.3278455078125 0.8606296109375 0.3821956734375
2 0.9664355734375001 0.349735953125 0.9631749968750001 0.3423064125 0.9592782625 0.3425788984375 0.943910021875 0.40839458906250004 0.9732302781250001 0.4133057203125 0.9737232484374999 0.3979561625 0.9664355734375001 0.349735953125
11 0.12107355625 0.445744853125 0.2014431734375 0.44151714374999995 0.244117759375 0.424610240625 0.2391595765625 0.398503625 0.168335890625 0.40484837812499996 0.11913587656249999 0.41803474218750003 0.12107355625 0.445744853125
7 0.893789609375 0.40841864843750003 0.890874540625 0.38913056562500004 0.8540557421875 0.3777823828125 0.7750510515625 0.3791300859375 0.7751393859375 0.40279267656249995 0.82208969375 0.4134323953125 0.893789609375 0.40841864843750003