2 0.028125 0.36484375 0.034375 0.0625
2 0.2203125 0.13828125 0.1171875 0.1890625
2 0.3421875 0.09296875 0.0859375 0.1421875
2 0.42421875 0.06953125 0.053125 0.115625
2 0.47265625 0.04453125 0.0453125 0.0890625
2 0.62421875 0.08125 0.053125 0.1046875
2 0.76171875 0.109375 0.059375 0.103125
2 0.86953125 0.140625 0.0640625 0.11875
10 0.953125 0.17109375 0.09375 0.2140625
10 0.96875 0.2140625 0.0625 0.271875
1 0.35 0.47109375 0.0921875 0.1359375
1 0.5828125 0.6203125 0.0859375 0.1515625
6 0.4625 0.51171875 0.0828125 0.11875
6 0.51875 0.4328125 0.0421875 0.08125
5 0.62734375 0.43125 0.0625 0.1015625
5 0.49296875 0.35 0.0609375 0.090625
1 0.56171875 0.32578125 0.034375 0.0640625
5 0.49765625 0.28984375 0.028125 0.0484375
0 0.5421875 0.265625 0.0578125 0.0703125
0 0.5859375 0.2453125 0.028125 0.046875
3 0.603125 0.29375 0.028125 0.0578125
0 0.65703125 0.2640625 0.040625 0.05625
3 0.57421875 0.2171875 0.03125 0.04375
6 0.65078125 0.23046875 0.0484375 0.0546875
3 0.6421875 0.34609375 0.071875 0.0875
4 0.7867509218750001 1 0.7287659046875 0.210931665625 0.5119550171875 0.168154984375 0.5088482703125 0.1910996171875 0.6209419984375 0.21916566406250002 0.6884909140625 0.2354891671875 0.7093223109375 0.25378801875 0.7196494546875 0.8544655453125 0.6984676999999999 0.9082962140624999 0.3219924046875 0.7549216140625 0.13857944375 0.6677488578124999 0.0978304734375 0.6453579031250001 0.07485089843750001 0.68390434375 0.0725578734375 0.7416641625 0.07530996250000001 0.7242881624999999 0.2982630671875 0.851472303125 0.403519171875 0.909391809375 0.6402209531249999 1 0.7867509218750001 1