4 0.293468175 0 0.0981807890625 0.04482608125 0.0754186484375 0.1393493890625 0.7009059890625 0.5887395 0.7303428953125 0.528802778125 0.8032473171875001 0.2234817234375 0.78463223125 0.217409053125 0.7067249062500001 0.468520653125 0.0955951078125 0.084260815625 0.1510799109375 0.0651723515625 0.15830804375000002 0.04264059375 0.1786891796875 0.044859365624999994 0.1864416921875 0.0525179171875 0.21026889375 0.0441446265625 0.22406945312499998 0.027545782812500003 0.24327050625000002 0.0280389203125 0.26525376875 0.0335199625 0.3067659359375 0.02526180625 0.31235046093749996 0 0.293468175 0
0 0.1671875 0.06953125 0.0390625 0.0515625
0 0.234375 0.053125 0.0609375 0.0640625
1 0.24140625 0.1140625 0.0578125 0.08125
0 0.30546875 0.08671875 0.078125 0.0828125
6 0.3212421171875 0.1448151578125 0.2922725359375 0.1447492703125 0.2907111640625 0.20591051093749999 0.315976565625 0.207915659375 0.3212421171875 0.1448151578125
3 0.3743504515625 0.096506015625 0.358931465625 0.084073184375 0.34377874531249997 0.0931778578125 0.3330348109375 0.1491868140625 0.3636065171875 0.15251497187500002 0.3743504515625 0.096506015625
1 0.42265625 0.2109375 0.1046875 0.1203125
3 0.45546875 0.1359375 0.071875 0.0796875
6 0.546875 0.20078125 0.071875 0.0828125
5 0.521875 0.3015625 0.065625 0.103125
5 0.54921875 0.140625 0.0734375 0.0859375
1 0.6109375 0.290625 0.0828125 0.1125
3 0.6328125 0.18515625 0.0609375 0.0734375
6 0.6463078531249999 0.145704309375 0.66391493125 0.1558198796875 0.657961071875 0.1958462421875 0.6615873640625 0.2039074171875 0.681796425 0.20035765625000002 0.6965805406250001 0.14106180625 0.6641485953124999 0.1258185734375 0.6463078531249999 0.145704309375
2 0.94375 0.14140625 0.0765625 0.1
2 0.8 0.090625 0.0734375 0.0734375
2 0.6515625 0.03515625 0.0578125 0.0375