9 0.48694282187500004 0.5188092265625001 0.466222553125 0.5207145140625 0.4625850609375 0.551134140625 0.451555359375 0.547618559375 0.4381546171875 0.53395223125 0.4332319453125 0.5250049125 0.42507284062500006 0.49121877343750003 0.42045506250000003 0.451084734375 0.40445814843749994 0.39335419374999997 0.4008464671875 0.38910413906249997 0.3995917578125 0.3928852390625 0.4131073953125 0.46241716562499996 0.3998192171875 0.4657075671875 0.3936535765625 0.42375207656249997 0.3855507546875 0.398444303125 0.33715894999999996 0.28051112968749997 0.3266170625 0.2733635171875 0.311250996875 0.2721057265625 0.297362440625 0.2620714296875 0.2753874625 0.2677578171875 0.2708845796875 0.2834893734375 0.2811356421875 0.3239432984375 0.2673877921875 0.3351049140625 0.2663441421875 0.3706798859375 0.26306782812499996 0.378391159375 0.2570897640625 0.4418080875 0.25352495468749997 0.5217345375 0.27167011093750004 0.594611228125 0.278893471875 0.6031113390625 0.279186625 0.6087138921874999 0.27108613125000003 0.622314984375 0.26085146875 0.6228895171875 0.25791051875000004 0.64256211875 0.24957315468750002 0.659039021875 0.2383347234375 0.6626384359374999 0.21951175312500001 0.68044609375 0.18929790625 0.7174465265625 0.18030621093750002 0.7510292328125 0.191826053125 0.7898216453125 0.200332265625 0.7987798374999999 0.2092700078125 0.79562763125 0.227743540625 0.7637390546875 0.228132859375 0.7452698828125001 0.256688609375 0.728400134375 0.2613321984375 0.733864490625 0.260232265625 0.7609610984375 0.2659499765625 0.77399853125 0.269186409375 0.79883735 0.27720480625 0.8114275718749999 0.28088684062499997 0.826275584375 0.29709015625 0.8379822656249999 0.31578881875000003 0.8400071499999999 0.32906292656249997 0.8345971562500001 0.33412397656250004 0.8258315234375001 0.3347360953125 0.80236695 0.39942039218750003 0.79120848125 0.459322721875 0.7922986062499999 0.47386560937500005 0.7852271015625 0.4816893484375 0.8070519125000001 0.49331942812499996 0.8238921921875001 0.5115021375000001 0.8253099265625 0.5251796328125 0.8035503531250001 0.52687994375 0.7897784437500001 0.5100997328125 0.6911685171874999 0.517684271875 0.6769602734375 0.5173348359375 0.662879353125 0.502172840625 0.5766888359375 0.4907092796875 0.5463747890625 0.48694282187500004 0.5188092265625001
2 0.068796796875 0.4946797015625 0.0677226765625 0.487106625 0.04022231875 0.431612128125 0.033543053125 0.4279583515625 0.0318146 0.43749107656249997 0.037103109375 0.501547771875 0.05527174687500001 0.5008459140625 0.068796796875 0.4946797015625
2 0.15626285 0.445135684375 0.15748941875 0.4371154 0.1403362890625 0.39800310156249996 0.1341589078125 0.3928368828125 0.1314266875 0.405394490625 0.135040696875 0.448553409375 0.1478410625 0.44889504062499996 0.15626285 0.445135684375
2 0.2437312328125 0.43450053281249995 0.24626879375000002 0.43117751249999997 0.244176834375 0.42450972499999995 0.22416485000000003 0.3788787109375 0.2195494015625 0.37765353749999997 0.21755593750000002 0.38582289062499997 0.221169946875 0.4289818109375 0.23274374375 0.437343725 0.2437312328125 0.43450053281249995
2 0.43638637812500003 0.344701446875 0.4370172265625 0.40117419375 0.46182291875 0.3977673390625 0.44381846875 0.3460865625 0.4391748796875 0.3406222046875 0.43638637812500003 0.344701446875
2 0.5733160265625 0.3817548125 0.5558134609375001 0.32856159375 0.5499010906249999 0.324758746875 0.5492772312499999 0.385012596875 0.5733160265625 0.3817548125
2 0.6776420562500001 0.3657205390625 0.663235215625 0.31617022499999997 0.65755971875 0.30949156875 0.65384013125 0.36610251250000003 0.6776420562500001 0.3657205390625
2 0.7809080359375 0.34423278125 0.7777278859375001 0.3278723296875 0.765985240625 0.2940753171875 0.7606591796875 0.301477578125 0.7576361359375 0.34734149687500004 0.7612478171875 0.351591553125 0.7771016953125 0.3492173125 0.7809080359375 0.34423278125
2 0.851403878125 0.2831311546875 0.8475693968750001 0.283876503125 0.843584796875 0.339124075 0.8533597890625 0.3464207578125 0.868446771875 0.3441955875 0.8555455828125 0.29010795312500004 0.851403878125 0.2831311546875
2 0.9614382046875001 0.3558324546875 0.9443812406250001 0.2926484296875 0.9359031703125 0.2879294203125 0.9286703968750001 0.3551274484375 0.9614382046875001 0.3558324546875
10 0.11996751718750001 1 0.13769296250000002 0.9637631890625 0.1404533234375 0.955444765625 0.1388632484375 0.9472645390625001 0.0817823140625 0.7928184859375 0 0.5239996265625 0 0.5458747828125 0.0885951546875 1 0.11996751718750001 1
7 0.883319153125 0.3674800484375 0.8808777593749999 0.3467313421875 0.8293268625 0.3312839046875 0.75953930625 0.34484923125 0.7625388671875 0.3725638625 0.8060995046875 0.379660259375 0.883319153125 0.3674800484375
11 0.23000332499999998 0.429387103125 0.16301833906250002 0.44099278125 0.1139932625 0.45901159687500004 0.11752284843750001 0.48945296875000005 0.19577440625 0.478487059375 0.2345085375 0.4525644125 0.23000332499999998 0.429387103125