4 0 0.386865890625 0.7190501312500001 0.48403267968749997 0.7169027906250001 0.41729190312500003 0.637934021875 0.11348286249999999 0.6186469296875 0.116860265625 0.6677486 0.375153921875 0 0.326581121875 0 0.386865890625
0 0.01171875 0.27578125 0.0234375 0.0515625
0 0.05546875 0.2296875 0.0609375 0.0640625
1 0.090625 0.28125 0.0578125 0.08125
0 0.13359375 0.2265625 0.078125 0.0828125
6 0.175416975 0.27031214062500003 0.1498074203125 0.283854359375 0.1771422734375 0.33858955156250004 0.200391659375 0.3284986046875 0.175416975 0.27031214062500003
3 0.19962908125 0.2027248484375 0.180178065625 0.1989860859375 0.1710733921875 0.21413880624999998 0.1878816734375 0.26863575 0.2164373640625 0.25722179375 0.19962908125 0.2027248484375
1 0.2953125 0.28125 0.1046875 0.1203125
3 0.28984375 0.2 0.071875 0.0796875
6 0.4015625 0.2140625 0.071875 0.0828125
5 0.4265625 0.31484375 0.065625 0.103125
5 0.375 0.159375 0.0734375 0.0859375
1 0.5 0.26328125 0.0828125 0.1125
3 0.46953125 0.159375 0.0609375 0.0734375
6 0.462850415625 0.11848809687499999 0.48314551406249995 0.11915359218749999 0.49667980937499995 0.15728994062499999 0.5036661265625 0.16270509375 0.51984315625 0.1500832609375 0.5050590406250001 0.0907874125 0.4692670671875 0.0925543125 0.462850415625 0.11848809687499999
2 0.72265625 0.0125 0.0765625 0.025
2 0.57265625 0.0171875 0.0734375 0.034375
2 0.415625 0.01875 0.0578125 0.0375