9 0.4882866953125 0.51967423125 0.4677498046875 0.52302025 0.4662431390625 0.553619515625 0.454995071875 0.550881890625 0.4406736578125 0.5381836421874999 0.43513884375 0.52960150625 0.42464281093749995 0.49646681875 0.41723667343750004 0.45675266406250004 0.3972516484375 0.400278640625 0.393352296875 0.3962908765625 0.3923644 0.40015029062499996 0.41069741562499995 0.4685700375 0.3976711328125 0.47277936093750006 0.3885938453125 0.4313561640625 0.3787453796875 0.40667526406250004 0.322244853125 0.2924050109375 0.31123005312499996 0.28601017500000003 0.295813678125 0.2858273296875 0.281258996875 0.2767862921875 0.2597342109375 0.28399172500000003 0.256339675 0.299999065625 0.269387690625 0.33963936875 0.256451925 0.3517327984375 0.25789240156250004 0.3872939125 0.2551619796875 0.3952149453125 0.25362221875 0.45889440156249994 0.2556414796875 0.538874821875 0.27882605625 0.6103082468750001 0.286624759375 0.6182837765625 0.2873080125 0.6238522328125 0.28017601718749996 0.63798525625 0.27000636093749997 0.6392723234375 0.2684448671875 0.659102153125 0.2612771828125 0.6761205046875001 0.2503172109375 0.6804951046875 0.23278229218750002 0.6995724078125 0.2052230640625 0.7385903203125 0.1985958828125 0.7727184484375 0.2127936859375 0.81061278125 0.22190406875000002 0.8189557890625 0.230600153125 0.815187796875 0.24680425 0.7820882499999999 0.2459042765625 0.7636369109375 0.2732136921875 0.7448163078125 0.27822714375 0.7499434328125 0.2790200546875 0.7770507609374999 0.28563328125 0.7896575890624999 0.2905944984375 0.8142101390625 0.2994716140625 0.8262103578125 0.30418042343749996 0.84076535625 0.32116088593750003 0.8513132328124999 0.3399552484375 0.8520288328125 0.35281963906249997 0.8457060625 0.3572569 0.8366087406249999 0.356230721875 0.8131586265624999 0.419979075 0.797515190625 0.4798115296875 0.794424084375 0.4938257078125 0.7863553453125001 0.5031528109375001 0.8075812359375 0.515929278125 0.8235692203125 0.5341665921875001 0.8237151390624999 0.5462929 0.8010544765625 0.5470283874999999 0.7871975078125 0.5234103718750001 0.6899983187500001 0.52998531875 0.6752956140624999 0.5286544984375 0.6612733703125 0.5075170906250001 0.5763504562499999 0.493966853125 0.546909909375 0.4882866953125 0.51967423125
2 0.0694760609375 0.5247718765625 0.0678762859375 0.517292175 0.0365718171875 0.4638511875 0.029653946874999997 0.46067223281249997 0.028594675000000003 0.4703023078125 0.0383386703125 0.53383405625 0.056414090625 0.531866528125 0.0694760609375 0.5247718765625
2 0.1532730359375 0.469247221875 0.1539371484375 0.46116091406250004 0.13409746718749999 0.4233404328125 0.12757475625 0.41861771093750005 0.1257251671875 0.43133531875 0.1323409875 0.4741370046875 0.1451340015625 0.47358489531250003 0.1532730359375 0.469247221875
2 0.2397864796875 0.452536490625 0.24208605625000001 0.4490445546875 0.239534071875 0.4425389375 0.21638777656250002 0.39841504375 0.21169810781249998 0.3975148109375 0.21027936406249997 0.405803321875 0.216895184375 0.44860500937500003 0.22902408593749998 0.45613920625000004 0.2397864796875 0.452536490625
2 0.4257082578125 0.3495172078125 0.430276909375 0.40580838437500005 0.4547845265625 0.400679471875 0.43321886562499995 0.3503805125 0.4282054125 0.3452533875 0.4257082578125 0.3495172078125
2 0.564889065625 0.376928584375 0.5437185625 0.325085859375 0.5375553234375 0.3217047015625 0.541136078125 0.38185529375 0.564889065625 0.376928584375
2 0.6678424671875 0.353655953125 0.6500142671875 0.3052313125 0.6438867140625 0.2989648265625 0.64412516875 0.355697334375 0.6678424671875 0.353655953125
2 0.7693579859375 0.32501706874999997 0.765044334375 0.30891830625 0.750972734375 0.276022746875 0.746176003125 0.2837785046875 0.746359628125 0.329741578125 0.7502589796875 0.3337293421875 0.7659086203125 0.3302549734375 0.7693579859375 0.32501706874999997
2 0.8354198687500001 0.259146740625 0.8316467218750001 0.260157753125 0.8315257046875001 0.315548696875 0.841785875 0.3221457359375 0.8566808874999999 0.31887357031249997 0.8400381625 0.26581763281250004 0.8354198687500001 0.259146740625
2 0.9502575453125001 0.3239953375 0.9288346359374999 0.262155059375 0.9200480359375 0.2580389453125 0.917520378125 0.325577815625 0.9502575453125001 0.3239953375
10 0.166023846875 1 0.170926009375 0.987906746875 0.17309938125 0.9794160328125001 0.17094255625000002 0.9713666515625 0.10322705624999999 0.8212785859375 0 0.5512541468750001 0 0.5641978890625 0.11709212656250001 1 0.166023846875 1
7 0.8731412828125 0.34106386875 0.869258478125 0.3205360078125 0.8167555999999999 0.3087222078125 0.7480843109374999 0.3271226234375 0.7530098390625 0.3545605046875 0.7969593859375 0.358600978125 0.8731412828125 0.34106386875
11 0.2257353171875 0.4483931296875 0.159723075 0.464643171875 0.11207434999999999 0.4860379109375 0.1177188203125 0.51615891875 0.1950148171875 0.49976116875 0.23184632187499998 0.4711997109375 0.2257353171875 0.4483931296875