2 0.0140625 0.534375 0.028125 0.0625
2 0.11328125 0.25625 0.1234375 0.190625
2 0.2125 0.17109375 0.090625 0.14375
2 0.28125 0.12109375 0.0578125 0.115625
2 0.31875 0.08203125 0.0484375 0.090625
2 0.4734375 0.0640625 0.05625 0.1046875
2 0.6125 0.04765625 0.0625 0.0953125
2 0.7234375 0.04765625 0.06875 0.0953125
10 0.81796875 0.0703125 0.1078125 0.140625
10 0.87578125 0.09765625 0.1421875 0.1953125
1 0.34921875 0.5234375 0.0953125 0.1375
1 0.61875 0.584375 0.090625 0.153125
6 0.46875 0.5234375 0.0875 0.1203125
6 0.49453125 0.43046875 0.0453125 0.0828125
5 0.59609375 0.3921875 0.065625 0.103125
5 0.4421875 0.36171875 0.0640625 0.0921875
1 0.4984375 0.31484375 0.0359375 0.0640625
5 0.42578125 0.303125 0.0296875 0.05
0 0.459375 0.26484375 0.059375 0.071875
0 0.49375 0.23125 0.0296875 0.0484375
3 0.5265625 0.27109375 0.0296875 0.0578125
0 0.56640625 0.22421875 0.0421875 0.05625
3 0.47265625 0.209375 0.0328125 0.04375
6 0.55 0.1953125 0.05 0.0546875
3 0.58125 0.30703125 0.075 0.0890625
4 0.5175973046875 0.19473744843750002 0.5866554875000001 0.1869734328125 0.612489175 0.197043971875 0.827637328125 0.75796411875 0.8261441625 0.8157929890625001 0.419915903125 0.8004301437500001 0.21774925781249999 0.7812454734375 0.17179959375 0.774141828125 0.1633895171875 0.8182231109375 0.1809898 0.8732838484375 0.177632975 0.8560144796875001 0.43063989999999996 0.8992740234375001 0.5493579234375 0.9177008484375 0.9384627484375001 0.9241298234374999 0.9405046984375 0.8718538171875 0.616102440625 0.15012207187499998 0.39773636093750003 0.18407883125 0.4026645015625 0.20670230312500001 0.5175973046875 0.19473744843750002