2 0.03046875 0.35703125 0.034375 0.0625
2 0.2265625 0.13359375 0.1203125 0.190625
2 0.34921875 0.090625 0.0890625 0.1421875
2 0.43203125 0.06796875 0.0546875 0.115625
2 0.4796875 0.04453125 0.046875 0.0890625
2 0.63125 0.08359375 0.0546875 0.1046875
2 0.76875 0.1140625 0.0609375 0.103125
2 0.87578125 0.14765625 0.0671875 0.1203125
10 0.95546875 0.178125 0.0890625 0.215625
10 0.96953125 0.2234375 0.0609375 0.271875
1 0.35078125 0.46796875 0.09375 0.1375
1 0.58125 0.62109375 0.0875 0.153125
6 0.4625 0.5109375 0.0859375 0.1203125
6 0.51953125 0.4328125 0.04375 0.0828125
5 0.628125 0.43359375 0.0640625 0.1015625
5 0.4953125 0.35 0.0625 0.090625
1 0.56484375 0.3265625 0.034375 0.0640625
5 0.5015625 0.28984375 0.0296875 0.0484375
0 0.54609375 0.26640625 0.0578125 0.071875
0 0.590625 0.246875 0.0296875 0.046875
3 0.60625 0.29609375 0.028125 0.0578125
0 0.6609375 0.26640625 0.040625 0.05625
3 0.57890625 0.21875 0.0328125 0.04375
6 0.65546875 0.2328125 0.0484375 0.0546875
3 0.64453125 0.3484375 0.0734375 0.0890625
4 0.7777052609374999 1 0.7337760015625 0.2149682078125 0.5177446890625 0.16841416874999998 0.5142379781249999 0.19130108750000002 0.6258248140625 0.22131916562499998 0.6930785562499999 0.23881907343750003 0.713587421875 0.25747869687499997 0.7134297234375 0.85824496875 0.6913117203125 0.9116977671875001 0.3175705203125 0.751776128125 0.13570686875 0.66141565 0.0953548796875 0.6383169390625001 0.07170607812499999 0.676456459375 0.0684053546875 0.7341674625 0.07146027656250001 0.7168421390625 0.29215975625 0.8478979765625001 0.39638899375 0.9076456343749999 0.625589071875 1 0.7777052609374999 1