9 0.4850482515625 0.5173413421874999 0.464242334375 0.5170703328124999 0.45744505156250004 0.546943096875 0.44684324999999997 0.5422938562499999 0.4349444375 0.527301634375 0.4309839828125 0.5178887703124999 0.42640118749999995 0.48343485625 0.42600385625000003 0.4430379875 0.4161290578125 0.3839515671875 0.4129814140625 0.379347271875 0.41133834687500004 0.38297650625 0.417511878125 0.4535402984375 0.403952553125 0.4554236828125 0.4022062328125 0.4130535421875 0.3967931796875 0.3870374328125 0.3609938453125 0.2646919890625 0.3512568359375 0.256481603125 0.336106421875 0.2536245109375 0.32334281875 0.242193434375 0.30089383125 0.2455516609375 0.2947712203125 0.2607263578125 0.300737540625 0.3020302 0.285898296875 0.31169362968750003 0.2811417671875 0.346964628125 0.27707735312500004 0.35429119062500003 0.2645031625 0.416735834375 0.2526032921875 0.495851815625 0.263031359375 0.5702259656249999 0.269326646875 0.5794345578125 0.2690325671875 0.5850370625 0.2595547484375 0.597716915625 0.24931609687499998 0.5972184875 0.2443349109375 0.61647590625 0.2343209140625 0.63199105625 0.2227678078125 0.6343960171874999 0.20218654531250002 0.6501385859375 0.1682706125 0.68377811875 0.1558178265625 0.7162369671875 0.1632196515625 0.756021021875 0.1707428796875 0.7658192828125 0.1799611546875 0.76361859375 0.201666753125 0.7338357156249999 0.20398449218749998 0.715508415625 0.2341471796875 0.7017159687500001 0.23819415 0.707635778125 0.2342678765625 0.7344689734375 0.23859148125 0.7480326484375001 0.2392138203125 0.7730736968749999 0.24587225625000003 0.7864331 0.2479820796875 0.8015846515625 0.26287295 0.8149209093750001 0.2812575234375 0.8188892437499999 0.2950244109375 0.8148964078125 0.30097399375 0.80670781875 0.3040354765625 0.7834357703125 0.369531803125 0.779099778125 0.4289920328125 0.78644543125 0.44419442499999995 0.7809328109375 0.44969399218749995 0.803455865625 0.45950007187499997 0.8214195671875 0.4774349796875 0.8247301453125001 0.49331204531250006 0.8045194609375 0.496442596875 0.7910007265625 0.4900618546875 0.6911769859375 0.499090009375 0.6778393765625 0.5002143453125 0.6637990671875 0.494144771875 0.5764958499999999 0.48591269062500003 0.5451495984375 0.4850482515625 0.5173413421874999
2 0.0717150953125 0.44963583749999997 0.0714384609375 0.441991971875 0.0498895078125 0.3839269109375 0.0436287546875 0.379594975 0.040913331250000004 0.38889480781249997 0.0394771203125 0.4531533921875 0.057619593749999996 0.4543545203125 0.0717150953125 0.44963583749999997
2 0.16388076093749998 0.40950592031250005 0.1659389578125 0.40165778437500005 0.15296814375 0.36096675624999996 0.14736461875 0.3551831265625 0.1433347390625 0.367386346875 0.142417615625 0.4106866046875 0.1551121484375 0.41236436562499995 0.16388076093749998 0.40950592031250005
2 0.251981659375 0.40807196562500003 0.25485266875 0.4050323953125 0.2534691421875 0.39818246562500004 0.2383365265625 0.35070960156250003 0.23387442812499998 0.34900869375 0.23103795312500003 0.356924921875 0.2301208296875 0.4002251796875 0.240757165625 0.40975107812499995 0.251981659375 0.40807196562500003
2 0.45296797812499995 0.3389027546875 0.44769236250000005 0.395132078125 0.47271827968749996 0.39433678906249997 0.46021457187500003 0.341057146875 0.4561676015625 0.3351373375 0.45296797812499995 0.3389027546875
2 0.58527438125 0.390066184375 0.5734279015625 0.33533484687500004 0.5679454265625 0.330934821875 0.561026740625 0.3907933828125 0.58527438125 0.390066184375
2 0.6907049390625 0.3850247875 0.681556440625 0.334239990625 0.67661014375 0.32700466875 0.666993478125 0.3829166890625 0.6907049390625 0.3850247875
2 0.7956513000000001 0.374448975 0.7941987046875 0.35784573124999997 0.7860531374999999 0.32300642343749997 0.7799825046875 0.32981140937500003 0.7721819375 0.3751080859375 0.7753295812500001 0.3797123828125 0.7913447859375 0.3790083296875 0.7956513000000001 0.374448975
2 0.8721478171875001 0.3210508921875 0.8682564312500001 0.32139134375 0.8585187171875001 0.3759197609375 0.8674774484375 0.3841982359375 0.8827143765625 0.383562275 0.8755375609374999 0.328422396875 0.8721478171875001 0.3210508921875
2 0.9739800093750001 0.4048556453125 0.9636210140625 0.3402348109375 0.9556826578125 0.334655453125 0.9414654 0.4007293328125 0.9739800093750001 0.4048556453125
10 0.0431832578125 1 0.0912012640625 0.923351246875 0.094816015625 0.9153669296875 0.09408971875 0.9070653078124999 0.0534654875 0.74749874375 0 0.4704098109375 0 0.5166777734375 0.042618101562499996 1 0.0431832578125 1
7 0.8950713984374999 0.40827376875 0.8948122078124999 0.38738353124999997 0.8451584109375 0.3666321796875 0.77433519375 0.37282840781250004 0.7744213546875 0.40070475468750005 0.8170015875000001 0.412315603125 0.8950713984374999 0.40827376875
11 0.238863453125 0.401551590625 0.17103229375 0.40609185468750003 0.120392303125 0.41888744375 0.12072056406250001 0.4495309984375 0.1996897 0.446804675 0.240921296875 0.4250728546875 0.238863453125 0.401551590625