4 0 0.2831262234375 0.718072271875 0.5261227796875 0.7286991234375 0.46019848750000003 0.70915073125 0.146903321875 0.689573559375 0.1465385234375 0.688488340625 0.4094556390625 0 0.222907946875 0 0.2831262234375
0 0.05546875 0.18515625 0.03125 0.0484375
0 0.115625 0.15 0.0515625 0.05625
1 0.13984375 0.20703125 0.04375 0.075
0 0.19296875 0.16171875 0.0671875 0.0734375
6 0.2252069890625 0.21259879218750002 0.1974839765625 0.22100567031249999 0.2138726453125 0.2799509578125 0.23862031718750001 0.2744816015625 0.2252069890625 0.21259879218750002
3 0.2618705140625 0.1508731578125 0.2434902578125 0.14349165625 0.23166158750000002 0.156628725 0.23776254687499998 0.21333157812499998 0.2679714734375 0.2075760109375 0.2618705140625 0.1508731578125
1 0.34140625 0.24609375 0.0859375 0.1078125
3 0.35078125 0.16484375 0.0609375 0.0703125
6 0.4578125 0.2 0.059375 0.075
5 0.46328125 0.30390625 0.0484375 0.0984375
5 0.4421875 0.14140625 0.0609375 0.078125
1 0.5453125 0.26796875 0.0640625 0.1046875
3 0.53515625 0.16015625 0.05 0.0671875
6 0.5363288609375 0.1184090703125 0.5561241 0.12293482656250002 0.562132971875 0.16295296718750002 0.567957671875 0.16960168125 0.5862458421875 0.1602984703125 0.583047534375 0.099271109375 0.5475760203125 0.09417611718749999 0.5363288609375 0.1184090703125
2 0.81953125 0.03671875 0.0609375 0.0734375
2 0.6671875 0.0265625 0.0625 0.053125
2 0.50859375 0.0125 0.0546875 0.025
2 0.03515625 0.04921875 0.0625 0.0546875