2 0.06015625 0.21796875 0.0703125 0.1546875
2 0.27734375 0.11953125 0.10625 0.1734375
2 0.4421875 0.0796875 0.065625 0.1296875
2 0.5421875 0.07109375 0.059375 0.1109375
2 0.62421875 0.0671875 0.046875 0.096875
2 0.675 0.06171875 0.0453125 0.0875
2 0.8140625 0.11171875 0.0546875 0.10625
2 0.959375 0.1796875 0.0640625 0.1171875
1 0.41875 0.27578125 0.0609375 0.0734375
6 0.4671875 0.3171875 0.0546875 0.0671875
1 0.50234375 0.39296875 0.065625 0.084375
6 0.52890625 0.29921875 0.03125 0.05625
5 0.61015625 0.33125 0.0546875 0.065625
5 0.546875 0.25390625 0.0515625 0.0640625
5 0.57890625 0.22734375 0.0265625 0.046875
1 0.6125 0.259375 0.028125 0.0484375
0 0.62890625 0.22265625 0.04375 0.0546875
3 0.6671875 0.296875 0.053125 0.0703125
3 0.66484375 0.2484375 0.025 0.034375
0 0.678125 0.22421875 0.0234375 0.0421875
3 0.684375 0.203125 0.025 0.0421875
0 0.7359375 0.2546875 0.0421875 0.0484375
6 0.7515625 0.2328125 0.04375 0.05
4 0.8036330359375 0.2593601046875 0.4709914046875 0.5342591546875 0.28233251406250004 0.28988392812499997 0.2580921953125 0.293957378125 0.25770838125 0.33036943124999996 0.45475238124999995 0.6236094109375 0.8398657328124999 0.2672573546875 0.84489204375 0.238977965625 0.6624352953125 0.15255868125 0.6501873515625001 0.16860283125 0.6528959640625 0.1792687828125 0.8011824609374999 0.25060046874999997 0.8036330359375 0.2593601046875