2 0.0703125 0.203125 0.075 0.15625
2 0.290625 0.11171875 0.1109375 0.175
2 0.45703125 0.078125 0.0703125 0.1296875
2 0.55703125 0.07265625 0.0625 0.1125
2 0.6390625 0.071875 0.05 0.096875
2 0.690625 0.06796875 0.0484375 0.0875
2 0.82734375 0.12265625 0.0578125 0.10625
2 0.96796875 0.19609375 0.0640625 0.1171875
1 0.4265625 0.27265625 0.0625 0.075
6 0.4734375 0.31640625 0.05625 0.06875
1 0.50625 0.39296875 0.0671875 0.0859375
6 0.5359375 0.3 0.0328125 0.05625
5 0.61640625 0.33515625 0.05625 0.0671875
5 0.55546875 0.25625 0.053125 0.065625
5 0.58828125 0.2296875 0.028125 0.046875
1 0.62109375 0.26328125 0.0296875 0.05
0 0.63828125 0.2265625 0.0453125 0.05625
3 0.67421875 0.303125 0.0546875 0.0703125
3 0.6734375 0.2546875 0.025 0.034375
0 0.6875 0.23125 0.025 0.0421875
3 0.69453125 0.21015625 0.0265625 0.0421875
0 0.74375 0.26328125 0.04375 0.05
6 0.76015625 0.2421875 0.0453125 0.0515625
4 0.8118462828125 0.2701033359375 0.4698134484375 0.5332258984375 0.28979805625 0.2824154390625 0.2654303421875 0.2856404328125 0.263776 0.3220169109375 0.45046603906250005 0.6219549921875 0.8477812968749999 0.279260278125 0.8537914828125001 0.25117353124999997 0.6744618703125 0.15843924375000001 0.66166145625 0.1740461734375 0.66399618125 0.1848001546875 0.8097029062500001 0.2612635125 0.8118462828125 0.2701033359375