2 0.02109375 0.30703125 0.0421875 0.1515625
2 0.20859375 0.16875 0.0921875 0.1671875
2 0.36328125 0.0984375 0.05625 0.1265625
2 0.459375 0.07109375 0.05 0.1078125
2 0.5390625 0.0515625 0.0390625 0.0953125
2 0.58828125 0.0390625 0.0390625 0.078125
2 0.734375 0.059375 0.046875 0.103125
2 0.88984375 0.09765625 0.0546875 0.1140625
1 0.37734375 0.2953125 0.05625 0.0703125
6 0.4328125 0.3265625 0.05 0.0640625
1 0.48203125 0.39453125 0.059375 0.0796875
6 0.48984375 0.296875 0.0265625 0.0546875
5 0.5765625 0.31328125 0.0484375 0.0625
5 0.49921875 0.25 0.0453125 0.0609375
5 0.525 0.2171875 0.0234375 0.0453125
1 0.56484375 0.2421875 0.025 0.046875
0 0.5734375 0.203125 0.040625 0.0515625
3 0.62578125 0.26875 0.0484375 0.065625
3 0.6140625 0.221875 0.021875 0.0328125
0 0.62265625 0.1953125 0.0203125 0.040625
3 0.62421875 0.1734375 0.021875 0.040625
0 0.684375 0.2140625 0.0390625 0.046875
6 0.69609375 0.18984375 0.040625 0.046875
4 0.7521381859375 0.20584542187500002 0.4780613296875 0.5391648171875 0.2462396421875 0.335277265625 0.22322193750000002 0.343901146875 0.22979292187499997 0.37971744375 0.47916949531249997 0.6299720109375 0.7892120515625 0.206684053125 0.7887500546874999 0.1779651703125 0.593155971875 0.1279480421875 0.5841944265625 0.1460344328125 0.5888884328125 0.1559875921875 0.748061215625 0.19771431718750002 0.7521381859375 0.20584542187500002