2 0.021875 0.109375 0.04375 0.04375
2 0.5140625 0.0078125 0.059375 0.015625
2 0.6296875 0.01640625 0.084375 0.0328125
2 0.81328125 0.0265625 0.1171875 0.053125
4 0.512719853125 0.507235734375 0.7538798484375 0.18761118906250002 0.749717403125 0.15299800624999998 0.73164830625 0.1468992890625 0.48827684375 0.395998021875 0.13252598437500002 0.1464540953125 0.2980955390625 0.06866367500000001 0.28946774375 0.050618724999999996 0.0923802546875 0.13794832343750002 0.09949728906250001 0.16767373593749998 0.512719853125 0.507235734375
1 0.33203125 0.2046875 0.075 0.10625
3 0.54140625 0.15234375 0.06875 0.090625
1 0.43669326562500005 0.22095325781250003 0.4502652796875 0.2848045609375 0.5018736765625 0.290873865625 0.5174284015625 0.27762818437500003 0.500120025 0.207471484375 0.45204374999999997 0.199231484375 0.43669326562500005 0.22095325781250003
5 0.38828125 0.265625 0.05625 0.0890625
0 0.18828125 0.13203125 0.0265625 0.0375
0 0.234375 0.1078125 0.0359375 0.0359375
3 0.30078125 0.13984375 0.03125 0.046875
3 0.3734375 0.14296875 0.0625 0.0796875
5 0.30625 0.0953125 0.0390625 0.05
6 0.5921875 0.121875 0.075 0.0890625
6 0.44296875 0.1734375 0.0609375 0.065625
5 0.43432688906249994 0.1121226 0.44344769062499995 0.14000218125 0.46178795937499995 0.1361038375 0.46927828437499997 0.160070234375 0.4978240328125 0.144063225 0.489058925 0.0990690296875 0.4468073078125 0.0881710421875 0.43432688906249994 0.1121226
1 0.22480485468750003 0.1296794515625 0.20446081875000002 0.1354236265625 0.21896605937500002 0.1848773890625 0.23900373125000002 0.166419075 0.22480485468750003 0.1296794515625
0 0.25598469218750003 0.1486104875 0.2865694015625 0.153468846875 0.2764801796875 0.1172756046875 0.29223914687499997 0.112506015625 0.288298540625 0.0977245234375 0.268327796875 0.09770968437500001 0.24981847968749998 0.1158431359375 0.25598469218750003 0.1486104875
6 0.25546875 0.19765625 0.04375 0.0640625