2 0.72421875 0.0515625 0.059375 0.0359375
2 0.83125 0.09609375 0.084375 0.078125
2 0.97109375 0.16484375 0.0578125 0.1390625
4 0.2834995109375 0 0.277468421875 0.0295503609375 0.5084701484374999 0.51193344375 0.8621145 0.324173846875 0.87297020625 0.2910445265625 0.859171471875 0.27788088125 0.5333283468750001 0.40078777656250003 0.31637039375 0.0242773640625 0.49930302187500003 0.0237480171875 0.49910971093749995 0.003747475 0.304263946875 0 0.2834995109375 0
1 0.47265625 0.1609375 0.0765625 0.10625
3 0.684375 0.20234375 0.06875 0.0921875
1 0.5605548625 0.22034318281249998 0.5458705578124999 0.283947896875 0.5900786499999999 0.31125920625000003 0.6097738875000001 0.305828253125 0.6237366718749999 0.234929853125 0.5836471453125001 0.20714396562499998 0.5605548625 0.22034318281249998
5 0.49765625 0.240625 0.0578125 0.0890625
0 0.3734375 0.034375 0.0265625 0.0375
0 0.425 0.03203125 0.0359375 0.0359375
3 0.47109375 0.0890625 0.03125 0.046875
3 0.53671875 0.12265625 0.0625 0.0796875
5 0.4953125 0.0515625 0.040625 0.05
6 0.74296875 0.19609375 0.0765625 0.090625
6 0.5859375 0.1796875 0.0609375 0.0671875
5 0.6044040203125001 0.1207090359375 0.6008878546875 0.149831134375 0.6191572937500001 0.1540489671875 0.6158171968749999 0.1789354484375 0.6484532859375001 0.1764921265625 0.65952476875 0.13200924218750001 0.6258374859375 0.10427600625 0.6044040203125001 0.1207090359375
1 0.40709272343749997 0.048073109375 0.3862271734375 0.0446813390625 0.37847332031250003 0.0956318484375 0.4044344390625 0.087371221875 0.40709272343749997 0.048073109375
0 0.42735065156249996 0.07840762343749999 0.4530165796875 0.0957364484375 0.4591685640625 0.0586703421875 0.47546675625 0.061007653125000005 0.47814228124999997 0.0459457015625 0.4600489125 0.03749225 0.43561024687499994 0.0461043625 0.42735065156249996 0.07840762343749999
6 0.40625 0.12265625 0.04375 0.0640625