2 0.784375 0.04921875 0.0546875 0.034375
2 0.86484375 0.084375 0.0765625 0.0828125
2 0.96953125 0.14140625 0.0609375 0.1640625
4 0.59765625 0.33515625 0.740625 0.6671875
5 0.4109375 0.2671875 0.0609375 0.1046875
1 0.4984375 0.3078125 0.0796875 0.1390625
3 0.68359375 0.26015625 0.0734375 0.1078125
6 0.771875 0.275 0.096875 0.1125
6 0.5546875 0.2265625 0.071875 0.1046875
1 0.4484375 0.178125 0.08125 0.0984375
3 0.54921875 0.1515625 0.0703125 0.0828125
5 0.64609375 0.18984375 0.075 0.0984375
6 0.4109375 0.13828125 0.0421875 0.0578125
3 0.49296875 0.115625 0.028125 0.0640625
5 0.55234375 0.0796875 0.040625 0.040625
0 0.5 0.0890625 0.0515625 0.059375
1 0.43515625 0.0875 0.034375 0.0546875
0 0.44453125 0.0546875 0.0234375 0.0359375
0 0.49140625 0.06015625 0.034375 0.0453125