2 0.01953125 0.0890625 0.0375 0.0296875
2 0.11015625 0.0640625 0.0390625 0.0125
2 0.71796875 0.0171875 0.0796875 0.034375
2 0.853125 0.0453125 0.103125 0.090625
4 0.54140625 0.328125 0.7578125 0.65625
5 0.34375 0.30625 0.0640625 0.1046875
1 0.4390625 0.31796875 0.084375 0.140625
3 0.60078125 0.21484375 0.0765625 0.109375
6 0.68828125 0.2015625 0.1 0.115625
6 0.46796875 0.2234375 0.075 0.10625
1 0.3515625 0.209375 0.084375 0.1
3 0.4390625 0.15390625 0.071875 0.084375
5 0.54296875 0.16015625 0.0765625 0.1
6 0.30390625 0.1828125 0.04375 0.0578125
3 0.375 0.13671875 0.03125 0.065625
5 0.41953125 0.084375 0.0421875 0.0421875
0 0.3734375 0.109375 0.053125 0.0609375
1 0.3109375 0.128125 0.0359375 0.0546875
0 0.309375 0.09296875 0.025 0.0359375
0 0.35625 0.084375 0.0359375 0.046875