8 0.1078125 0.30546875 0.215625 0.1546875
10 0.2046875 0.16953125 0.15 0.184375
10 0.27265625 0.1484375 0.109375 0.1609375
6 0.58125 0.48515625 0.1296875 0.1703125
1 0.28203125 0.4453125 0.08125 0.1078125
6 0.40234375 0.39453125 0.053125 0.0953125
5 0.26484375 0.390625 0.0375 0.0421875
3 0.47890625 0.4484375 0.0796875 0.1234375
5 0.53515625 0.36796875 0.08125 0.10625
5 0.58515625 0.25390625 0.046875 0.0484375
0 0.50625 0.26875 0.05 0.0625
3 0.47734375 0.32578125 0.0671875 0.08125
1 0.36953125 0.3453125 0.0609375 0.0796875
6 0.390625 0.3078125 0.03125 0.040625
1 0.45 0.26484375 0.0265625 0.046875
3 0.46640625 0.28046875 0.03125 0.0328125
0 0.5046875 0.2296875 0.021875 0.025
0 0.54453125 0.23828125 0.0296875 0.0421875
4 0.6704483890625 0.23420282343749999 0.6797169875 0.226166271875 0.6724028171875001 0.20651878125 0.46254339843750003 0.2044491140625 0.06680845468749999 0.49349415781249995 0.0815925703125 0.5527900078125 0.5210214578125 0.8168255203125 0.5361207421875 0.7772756515625 0.522774825 0.7076013624999999 0.14713661718749999 0.5121141078125 0.1496688625 0.5028943015625 0.4610888984375 0.2405969578125 0.48458824843750004 0.2347379109375 0.6704483890625 0.23420282343749999