8 0.1296875 0.22109375 0.259375 0.1015625
10 0.28046875 0.115625 0.1203125 0.165625
10 0.35078125 0.10859375 0.08125 0.15
6 0.58203125 0.50234375 0.1 0.15625
1 0.29765625 0.4015625 0.0640625 0.096875
6 0.42578125 0.3765625 0.0359375 0.0921875
5 0.29296875 0.34375 0.03125 0.0375
3 0.490625 0.44453125 0.0578125 0.115625
5 0.5625 0.378125 0.0625 0.096875
5 0.634375 0.27734375 0.0390625 0.040625
0 0.55390625 0.275 0.040625 0.05625
3 0.5140625 0.325 0.0546875 0.071875
1 0.4046875 0.321875 0.046875 0.071875
6 0.43359375 0.28984375 0.025 0.0375
1 0.5 0.26015625 0.0171875 0.0453125
3 0.5125 0.278125 0.0265625 0.028125
0 0.56015625 0.23671875 0.0171875 0.021875
0 0.59765625 0.253125 0.021875 0.0390625
4 0.7219860234375 0.2754493421875 0.7327229734375 0.26951545781249997 0.7296535796875 0.24877661093749998 0.5248104 0.20311994531250002 0.07762736875000001 0.4035707390625 0.079760115625 0.4646446234375 0.45469035937499996 0.8142727296875 0.47768256718749996 0.7787264375 0.47911439062500005 0.7077999265625 0.15232886406249999 0.43848496406250004 0.1567226796875 0.42999311562500003 0.515872125 0.2381754640625 0.5400761203125 0.23733024062500002 0.7219860234375 0.2754493421875