8 0.1140625 0.2765625 0.228125 0.1375
10 0.22890625 0.14921875 0.140625 0.178125
10 0.2984375 0.13359375 0.1 0.1578125
6 0.58203125 0.49140625 0.1203125 0.1671875
1 0.2859375 0.43046875 0.0765625 0.1046875
6 0.409375 0.38828125 0.0484375 0.0953125
5 0.2734375 0.37421875 0.0359375 0.040625
3 0.4828125 0.446875 0.071875 0.121875
5 0.54453125 0.37109375 0.075 0.103125
5 0.60234375 0.2609375 0.0453125 0.0453125
0 0.521875 0.2703125 0.046875 0.0609375
3 0.48984375 0.325 0.0640625 0.078125
1 0.38046875 0.33671875 0.05625 0.0765625
6 0.4046875 0.30078125 0.0296875 0.040625
1 0.4671875 0.2625 0.0234375 0.046875
3 0.48125 0.27890625 0.0296875 0.03125
0 0.5234375 0.23125 0.0203125 0.0234375
0 0.5625 0.2421875 0.028125 0.040625
4 0.6885742593749999 0.2467401703125 0.6983808812500001 0.239369740625 0.69245506875 0.2192598984375 0.483251228125 0.20255622187500003 0.0683175109375 0.463292090625 0.0789293453125 0.5234747875 0.49886961875 0.8175201328125 0.51669098125 0.779119878125 0.5082378078125 0.7086843468749999 0.1471511375 0.48747009375 0.15032035625 0.4784493875 0.479278725 0.23851454843750003 0.5031295375 0.2343090078125 0.6885742593749999 0.2467401703125