2 0.1953125 0.10859375 0.109375 0.184375
2 0.39765625 0.10703125 0.1015625 0.1734375
2 0.59765625 0.11953125 0.0875 0.15625
2 0.7359375 0.14296875 0.090625 0.1578125
2 0.875 0.175 0.0875 0.1484375
2 0.96640625 0.19921875 0.0671875 0.1421875
2 0.0875 0.14140625 0.0765625 0.1390625
1 0.175 0.4921875 0.1078125 0.1375
6 0.28984375 0.38125 0.065625 0.1078125
6 0.36796875 0.39921875 0.053125 0.0921875
6 0.85078125 0.50859375 0.09375 0.128125
3 0.77734375 0.390625 0.05625 0.0921875
3 0.5421875 0.51796875 0.1140625 0.159375
1 0.3203125 0.30625 0.08125 0.1015625
5 0.46875 0.3609375 0.0828125 0.1140625
5 0.38359375 0.5078125 0.096875 0.13125
1 0.5390625 0.40859375 0.040625 0.075
5 0.55859375 0.346875 0.040625 0.06875
0 0.640625 0.36953125 0.075 0.096875
3 0.63203125 0.45078125 0.0484375 0.0796875
0 0.72421875 0.41796875 0.05 0.0828125
0 0.765625 0.52421875 0.096875 0.1171875
4 0 0.6837592875 0.3824897859375 0.707445634375 0.9711386328125 0.6966233875000001 0.9923270562500001 0.5876183968750001 0.8161525984375 0.3069256984375 0.8041033703125 0.304583565625 0.7966363296875001 0.3438105984375 0.94374013125 0.5862543125 0.9504525421875 0.6219001671875 0 0.5907646546875001 0 0.6837592875