4 0.109072296875 0.361940328125 0.75649718125 0.6430664593750001 0.7790988 0.5876124703125 0.7765644078125 0.55820545625 0.200393984375 0.3085217578125 0.5259341453124999 0.04668398125 0.7249960171875001 0.10802263281249999 0.7309900765624999 0.086542815625 0.526129628125 0.0176070953125 0.10943067343749999 0.30863269375 0.109072296875 0.361940328125
0 0.61484375 0.08046875 0.03125 0.0375
0 0.571875 0.06640625 0.0296875 0.0421875
0 0.5890625 0.1078125 0.046875 0.0625
1 0.5296875 0.0921875 0.034375 0.059375
5 0.6578125 0.1140625 0.0453125 0.0546875
5 0.66328125 0.2234375 0.078125 0.0953125
6 0.74375 0.34921875 0.1046875 0.146875
3 0.63984375 0.29921875 0.065625 0.1171875
6 0.53359375 0.22265625 0.0765625 0.103125
1 0.4140625 0.2640625 0.0671875 0.1234375
5 0.37578125 0.2078125 0.053125 0.09375
3 0.5609375 0.1234375 0.0359375 0.0625
6 0.47578125 0.11484375 0.0390625 0.0421875
1 0.471875 0.15859375 0.0796875 0.09375
3 0.58515625 0.16640625 0.0765625 0.0921875
8 0.12265625 0.021875 0.0828125 0.04375
2 0.94921875 0.10625 0.0546875 0.059375
2 0.98359375 0.14140625 0.0328125 0.1078125