4 0.096782675 0.4035597046875 0.7700465796875 0.6154714703125 0.7867278640625 0.5579587515625 0.7811334859375 0.5289777484375 0.18202033125 0.3408880515625 0.47840764843750005 0.046456437499999996 0.6827906734375 0.0866514375 0.6865066453125 0.064662740625 0.4755626984375 0.0175184046875 0.091566921875 0.35050663437499996 0.096782675 0.4035597046875
0 0.5703125 0.07109375 0.028125 0.0359375
0 0.52578125 0.06171875 0.0265625 0.040625
0 0.54765625 0.10078125 0.0421875 0.059375
1 0.4875 0.09140625 0.0296875 0.0578125
5 0.61640625 0.1 0.0421875 0.05
5 0.63359375 0.20859375 0.0703125 0.090625
6 0.7265625 0.32421875 0.0921875 0.140625
3 0.61875 0.28515625 0.05625 0.1140625
6 0.50390625 0.2203125 0.0671875 0.0984375
1 0.38984375 0.275 0.0546875 0.1203125
5 0.34609375 0.221875 0.0453125 0.090625
3 0.521875 0.11953125 0.0296875 0.0609375
6 0.43515625 0.11953125 0.0359375 0.040625
1 0.4359375 0.16328125 0.071875 0.0875
3 0.55 0.159375 0.06875 0.0875
8 0.07265625 0.0421875 0.075 0.0828125
2 0.90546875 0.06171875 0.05 0.0546875
2 0.95859375 0.09140625 0.0515625 0.1046875
2 0.99453125 0.17109375 0.0109375 0.0984375
10 0.1703125 0.01796875 0.203125 0.0359375