2 0.21640625 0.09375 0.1171875 0.1859375
2 0.41796875 0.1015625 0.1078125 0.175
2 0.61796875 0.125 0.09375 0.1578125
2 0.75390625 0.15625 0.096875 0.159375
2 0.89140625 0.1953125 0.09375 0.15
2 0.97265625 0.225 0.0546875 0.14375
2 0.10703125 0.1203125 0.0828125 0.140625
1 0.17578125 0.475 0.1125 0.1390625
6 0.29609375 0.3703125 0.0703125 0.109375
6 0.3734375 0.39296875 0.0578125 0.09375
6 0.85 0.5265625 0.1 0.13125
3 0.7828125 0.40546875 0.059375 0.09375
3 0.540625 0.51953125 0.1203125 0.1609375
1 0.33046875 0.296875 0.084375 0.103125
5 0.4765625 0.359375 0.0875 0.115625
5 0.38359375 0.5015625 0.1015625 0.1328125
1 0.54375 0.4109375 0.04375 0.0765625
5 0.56640625 0.35 0.04375 0.0703125
0 0.64765625 0.37734375 0.078125 0.0984375
3 0.634375 0.4578125 0.0515625 0.08125
0 0.728125 0.4296875 0.053125 0.084375
0 0.7640625 0.53828125 0.1015625 0.1203125
4 0 0.658364034375 0.3717939625 0.701011328125 0.9602024796874999 0.7210114140624999 0.987066746875 0.6132647265625 0.8258240515624999 0.3237364484375 0.8139139140625 0.32076691875 0.804404121875 0.359549396875 0.9386177984374999 0.6093596671875 0.9434554515625001 0.645307971875 0 0.5648190843750001 0 0.658364034375