4 0.087352640625 0.54008863125 0.7929278921875 0.5212618531250001 0.7899760453125 0.46145161406249996 0.7752511656250001 0.43587088906250004 0.147542534375 0.4530807515625 0.3319246890625 0.07819591875000001 0.5382588484374999 0.049660434375 0.53461355 0.027659909375000003 0.3198134359375 0.05176069531250001 0.065148659375 0.49162405 0.087352640625 0.54008863125
0 0.4265625 0.07109375 0.0328125 0.0390625
0 0.38203125 0.07734375 0.03125 0.0421875
0 0.41484375 0.10703125 0.05 0.0640625
1 0.3546875 0.1171875 0.0375 0.059375
5 0.4796875 0.08359375 0.0484375 0.0546875
5 0.53125 0.18046875 0.08125 0.0984375
6 0.65703125 0.26015625 0.1109375 0.1484375
3 0.5421875 0.25859375 0.071875 0.11875
6 0.4125 0.234375 0.0796875 0.1046875
1 0.321875 0.32265625 0.071875 0.125
5 0.2640625 0.2875 0.0578125 0.09375
3 0.39609375 0.1328125 0.0390625 0.0625
6 0.31484375 0.1609375 0.040625 0.04375
1 0.3296875 0.20234375 0.084375 0.096875
3 0.43671875 0.16171875 0.08125 0.0953125
2 0.8765625 0.03671875 0.059375 0.0734375
10 0.0640625 0.13203125 0.128125 0.1046875