2 0.1046875 0.20078125 0.090625 0.178125
2 0.29921875 0.146875 0.0828125 0.1671875
2 0.49609375 0.10703125 0.0703125 0.15
2 0.63515625 0.09453125 0.0734375 0.153125
2 0.778125 0.0890625 0.071875 0.14375
2 0.88203125 0.08671875 0.0703125 0.1375
2 0.01953125 0.259375 0.0390625 0.134375
1 0.184375 0.57578125 0.09375 0.128125
6 0.26640625 0.43984375 0.0546875 0.103125
6 0.346875 0.43671875 0.04375 0.0890625
6 0.84140625 0.4171875 0.08125 0.121875
3 0.73984375 0.32265625 0.0453125 0.0890625
3 0.5453125 0.50625 0.0984375 0.15
1 0.2765625 0.359375 0.0703125 0.0953125
5 0.434375 0.3734375 0.071875 0.1078125
5 0.38984375 0.5375 0.084375 0.1234375
1 0.5140625 0.4015625 0.0328125 0.0734375
5 0.51640625 0.33671875 0.0328125 0.0671875
0 0.60234375 0.3375 0.065625 0.090625
3 0.61484375 0.41796875 0.0390625 0.0765625
0 0.6953125 0.3625 0.040625 0.0796875
0 0.76328125 0.4546875 0.0859375 0.109375
4 1 0.482539621875 0.9982287281250001 0.457209253125 0.7554086546875001 0.2316782328125 0.7431638046875 0.23253447500000002 0.7461039 0.2723574921875 0.9509443109375001 0.4684668703125 0.9666538296875 0.501160821875 0.02888559375 0.7197959703125 0.04713756875 0.6608736921875 0.11984250781250001 0.484839534375 0.17457211875 0.3716838921875 0.1743086296875 0.33592205625 0.1510704265625 0.339534821875 0.0073042109375 0.621915475 0.020859925 0.81577120625 0.4401847296875 0.7307909765625 1 0.56970323125 1 0.482539621875