9 0.58046875 0.4578125 0.265625 0.4
2 0.18671875 0.31171875 0.0390625 0.0625
2 0.2734375 0.32578125 0.040625 0.06875
2 0.80703125 0.4203125 0.0390625 0.0671875
11 0.20859375 0.36328125 0.1359375 0.0625
2 0.70546875 0.4015625 0.040625 0.071875
2 0.48984375 0.36328125 0.04375 0.0796875
2 0.3796875 0.3453125 0.0390625 0.071875
2 0.97265625 0.47578125 0.0546875 0.0921875
2 0.08046875 0.31953125 0.0546875 0.0859375
2 0.88984375 0.4390625 0.0421875 0.0734375
7 0.846875 0.47109375 0.128125 0.065625
10 0.046875 0.5796875 0.09375 0.6625