4 0.15532781874999999 0.16144715468749998 0.5973540890625 0.0491084703125 0.77215970625 0.1450566703125 0.7927093453125 0.1296531875 0.590989228125 0.022975771875000002 0.09565087343749999 0.135113321875 0.0912527765625 0.18965383125 0.37444021875 0.51880903125 0.4074303796875 0.48612480625 0.4144347234375 0.4469615875 0.15532781874999999 0.16144715468749998
8 0.21796875 0.0171875 0.2109375 0.034375
2 0.91640625 0.11328125 0.05625 0.0578125
2 0.79765625 0.0671875 0.046875 0.025
5 0.68046875 0.12421875 0.0484375 0.05625
5 0.578125 0.19375 0.078125 0.096875
6 0.56328125 0.30234375 0.121875 0.1515625
3 0.49296875 0.23828125 0.078125 0.11875
6 0.44765625 0.1671875 0.0578125 0.0953125
1 0.44375 0.11015625 0.0640625 0.084375
1 0.3171875 0.16171875 0.0875 0.109375
5 0.32265625 0.10703125 0.0453125 0.05625
3 0.54609375 0.14609375 0.071875 0.0875
3 0.56015625 0.09609375 0.0328125 0.040625
1 0.5515625 0.08125 0.0296875 0.05
6 0.478125 0.08984375 0.0421875 0.05625
0 0.6015625 0.1015625 0.05625 0.078125
0 0.65390625 0.09296875 0.03125 0.04375
0 0.61953125 0.07265625 0.0328125 0.040625