9 0.584375 0.46640625 0.3 0.4140625
2 0.2078125 0.2796875 0.04375 0.0640625
2 0.29296875 0.30234375 0.0453125 0.0703125
2 0.8140625 0.45234375 0.0453125 0.06875
11 0.22421875 0.33359375 0.1375 0.075
2 0.71484375 0.42421875 0.046875 0.075
2 0.5046875 0.3625 0.05 0.0828125
2 0.396875 0.33359375 0.046875 0.0734375
2 0.9703125 0.52578125 0.059375 0.0953125
2 0.1015625 0.2765625 0.0625 0.0890625
2 0.89375 0.4796875 0.0484375 0.075
7 0.8484375 0.5078125 0.13125 0.0765625
10 0.06015625 0.52890625 0.1203125 0.6546875