9 0.56875 0.440625 0.2484375 0.390625
2 0.15234375 0.38671875 0.0359375 0.0609375
2 0.23984375 0.38046875 0.0375 0.0671875
2 0.78125 0.353125 0.0359375 0.065625
11 0.18515625 0.4328125 0.134375 0.05625
2 0.678125 0.3578125 0.0375 0.071875
2 0.459375 0.36875 0.0390625 0.0796875
2 0.34765625 0.37578125 0.0359375 0.071875
2 0.95625 0.3703125 0.0515625 0.090625
2 0.05078125 0.41875 0.05 0.084375
2 0.865625 0.35234375 0.0390625 0.071875
7 0.83203125 0.39375 0.1265625 0.059375
10 0.05390625 0.67734375 0.1078125 0.6453125