2 0.121875 0.11953125 0.115625 0.2015625
2 0.35234375 0.09921875 0.1203125 0.1890625
2 0.56328125 0.1125 0.1 0.159375
1 0.14921875 0.55078125 0.1265625 0.1453125
1 0.290625 0.32265625 0.1 0.1234375
6 0.26171875 0.41015625 0.0921875 0.125
6 0.359375 0.4234375 0.065625 0.0984375
5 0.39453125 0.5390625 0.1125 0.1421875
5 0.46171875 0.36796875 0.096875 0.1234375
1 0.53984375 0.41796875 0.05 0.078125
5 0.5484375 0.3453125 0.0484375 0.075
3 0.5578125 0.52265625 0.1140625 0.159375
0 0.63125 0.36953125 0.071875 0.09375
3 0.634375 0.446875 0.0546875 0.0796875
0 0.71328125 0.4046875 0.0546875 0.08125
3 0.7578125 0.37734375 0.05 0.090625
0 0.76328125 0.5078125 0.09375 0.1140625
6 0.83203125 0.47890625 0.0921875 0.115625
2 0.696875 0.1359375 0.0984375 0.1515625
2 0.8171875 0.16640625 0.0875 0.1375
2 0.90859375 0.17890625 0.0859375 0.128125
4 0 0.8057093375 0.34967501093750003 0.7553382515625 0.9685164953125 0.6316972875 0.9915097078124999 0.580377075 0.77914415 0.299955265625 0.7594055828124999 0.3170006609375 0.9164696734375 0.5500056515625 0.9179074249999999 0.5791315109374999 0 0.7084288390625 0 0.8057093375