2 0.0515625 0.20625 0.0796875 0.19375
2 0.27265625 0.13828125 0.0875 0.178125
2 0.48125 0.1078125 0.071875 0.15
1 0.1671875 0.62265625 0.1046875 0.1296875
1 0.2578125 0.3703125 0.08125 0.1109375
6 0.2484375 0.46171875 0.0703125 0.115625
6 0.346875 0.4546875 0.0484375 0.0921875
5 0.4046875 0.56015625 0.090625 0.128125
5 0.43515625 0.378125 0.0765625 0.1125
1 0.521875 0.4109375 0.0359375 0.075
5 0.515625 0.3390625 0.034375 0.0703125
3 0.5609375 0.51015625 0.0859375 0.1484375
0 0.6015625 0.3453125 0.05625 0.0859375
3 0.62109375 0.4203125 0.040625 0.075
0 0.6890625 0.3625 0.0390625 0.0765625
3 0.7265625 0.3265625 0.034375 0.0859375
0 0.759375 0.45234375 0.075 0.1015625
6 0.82109375 0.41015625 0.0734375 0.1046875
2 0.6171875 0.103125 0.071875 0.1421875
2 0.74140625 0.10703125 0.0640625 0.1296875
2 0.8328125 0.1015625 0.0640625 0.1203125
4 0 0.922386165625 0.0516992890625 0.9113675578124999 0.40604777968750005 0.7810128203125 0.9856596906249999 0.531409328125 0.997480375 0.47643002812499996 0.731452540625 0.2462893921875 0.715689246875 0.2670661828125 0.917765571875 0.46232399375 0.9252275109375001 0.4905144578125 0 0.8275986921875 0 0.922386165625