2 0.034375 0.2375 0.06875 0.190625
2 0.24765625 0.15546875 0.08125 0.175
2 0.45390625 0.11015625 0.0671875 0.1484375
1 0.1765625 0.6453125 0.1 0.1265625
1 0.24921875 0.3875 0.0765625 0.1078125
6 0.24609375 0.4796875 0.0671875 0.1140625
6 0.34375 0.46484375 0.0453125 0.090625
5 0.40859375 0.56640625 0.0859375 0.125
5 0.4265625 0.38359375 0.0734375 0.109375
1 0.515625 0.41015625 0.0328125 0.0734375
5 0.50390625 0.33828125 0.0328125 0.06875
3 0.56171875 0.50625 0.08125 0.1453125
0 0.58984375 0.33828125 0.053125 0.084375
3 0.61484375 0.41171875 0.0375 0.0734375
0 0.67890625 0.35 0.0375 0.075
3 0.7140625 0.3109375 0.03125 0.0859375
0 0.75546875 0.434375 0.071875 0.1
6 0.8140625 0.38828125 0.0703125 0.1015625
2 0.5890625 0.09609375 0.0671875 0.140625
2 0.71328125 0.09140625 0.059375 0.128125
2 0.8046875 0.07890625 0.059375 0.11875
4 0.9946243796875001 0.44178496718750004 0.7131907765625 0.2307621046875 0.698915196875 0.2525878765625 0.9141197703125 0.43327391718749997 0.9235300015625001 0.4608751921875 0.0109973890625 0.86750418125 0.0104173515625 0.77033495 0.11474778125 0.417478225 0.117333571875 0.37380154375 0.0972852859375 0.3761347390625 0.0020141578125 0.619754465625 0.0080012125 0.9627525828125 0.081486878125 0.9416373640625 0.42587910625000003 0.7868820624999999 0.9866676515625 0.49745490937500003 0.9946243796875001 0.44178496718750004