4 0 0.366562575 0.0024842890624999997 0.374035109375 0.3917708859375 0.5663739203125 0.40936774531250003 0.5233976484375 0.4005129890625 0.4846109 0.0504444484375 0.3230346140625 0.41343755625 0.046912884375000005 0.6118369234375 0.0669316734375 0.6247343437499999 0.0447233078125 0.3973678109375 0.025344559375 0 0.31147093125 0 0.366562575
8 0.0671875 0.11640625 0.134375 0.1265625
2 0.90859375 0.03203125 0.0546875 0.0640625
5 0.51953125 0.08359375 0.0453125 0.053125
5 0.45234375 0.1875 0.071875 0.09375
6 0.48046875 0.29375 0.1125 0.146875
3 0.39140625 0.26171875 0.0703125 0.115625
6 0.321875 0.2140625 0.05 0.09375
1 0.2953125 0.16328125 0.059375 0.08125
1 0.19921875 0.26015625 0.08125 0.1046875
5 0.1828125 0.2078125 0.0421875 0.0546875
3 0.4046875 0.15625 0.065625 0.0828125
3 0.39765625 0.1046875 0.0296875 0.0390625
1 0.38359375 0.09453125 0.0265625 0.0484375
6 0.31953125 0.13046875 0.0390625 0.0546875
0 0.43828125 0.09375 0.05 0.0765625
0 0.4828125 0.065625 0.028125 0.0421875
0 0.44296875 0.059375 0.0296875 0.0390625