4 0.1380816921875 0.17994987812500002 0.5736228296875 0.04463128125 0.7532104234375 0.1312993703125 0.7729257421875 0.11484151093749999 0.5658990109375 0.018867509375 0.0771083265625 0.1567753859375 0.0755706875 0.21147132656249998 0.3755966828125 0.5253545453124999 0.406831071875 0.49098854062499997 0.411776171875 0.451512415625 0.1380816921875 0.17994987812500002
8 0.18984375 0.02265625 0.2078125 0.0453125
2 0.8953125 0.0921875 0.0546875 0.05625
2 0.775 0.05234375 0.0453125 0.0234375
5 0.6609375 0.11484375 0.046875 0.0546875
5 0.56171875 0.18984375 0.0734375 0.0953125
6 0.55234375 0.29921875 0.1171875 0.1484375
3 0.47890625 0.2390625 0.0734375 0.1171875
6 0.43046875 0.1703125 0.053125 0.09375
1 0.4234375 0.11328125 0.0609375 0.0828125
1 0.29921875 0.171875 0.084375 0.10625
5 0.30234375 0.1171875 0.04375 0.0546875
3 0.528125 0.14375 0.06875 0.084375
3 0.5390625 0.09375 0.03125 0.040625
1 0.52890625 0.07890625 0.028125 0.0484375
6 0.45703125 0.09140625 0.040625 0.05625
0 0.58046875 0.096875 0.053125 0.078125
0 0.63203125 0.0859375 0.0296875 0.04375
0 0.596875 0.06640625 0.03125 0.040625