2 0.0765625 0.20234375 0.071875 0.175
2 0.2921875 0.14375 0.06875 0.1609375
2 0.4953125 0.1046875 0.0546875 0.1390625
2 0.63515625 0.10234375 0.0625 0.128125
2 0.76640625 0.10078125 0.0578125 0.121875
2 0.8578125 0.09765625 0.053125 0.10625
1 0.20703125 0.6234375 0.090625 0.1203125
6 0.28203125 0.46171875 0.05 0.1
1 0.28828125 0.37265625 0.06875 0.0921875
6 0.3765625 0.4578125 0.0375 0.08125
5 0.4375 0.56484375 0.071875 0.1109375
5 0.459375 0.38125 0.065625 0.1
5 0.53984375 0.3390625 0.0296875 0.0625
1 0.54921875 0.41484375 0.0296875 0.078125
3 0.5953125 0.51875 0.084375 0.14375
3 0.65 0.421875 0.03125 0.075
0 0.6296875 0.3484375 0.0546875 0.084375
0 0.71875 0.36640625 0.0328125 0.0703125
3 0.7578125 0.32421875 0.028125 0.078125
0 0.79921875 0.4625 0.06875 0.09375
6 0.86328125 0.41640625 0.06875 0.109375
4 1 0.45185185156249996 0.8291666671875 0.29259259375 0.7588541671875 0.2416666671875 0.7479166671875 0.24259259375000003 0.7453125 0.26203703749999996 0.7479166671875 0.2731481484375 0.9661458328125001 0.47870370468749995 0.9692708328125 0.5018518515625 0.4484375 0.6972222218749999 0.0078125 0.83148148125 0.1651041671875 0.377777778125 0.15 0.34722222187499996 0.1302083328125 0.35 0.13333333281249998 0.3546296296875 0 0.7361111109375 0 0.94351851875 0.3328125 0.8333333328125001 0.7973958328124999 0.6462962953125 1 0.5416666671875 1 0.45185185156249996