10 0.1265625 0.034375 0.165625 0.06875
8 0.30234375 0.0140625 0.1890625 0.028125
4 0.256216815625 0.5615876796875 0.215531509375 0.162970578125 0.7223281171875 0.09809435 0.9372700671875001 0.23084574375 0.9438087124999999 0.2027955359375 0.7275890453125 0.06512038437499999 0.18555374375 0.11511711718749999 0.2132937859375 0.5685765296875 0.256216815625 0.5615876796875
2 0.98671875 0.10703125 0.0265625 0.1171875
2 0.89609375 0.06796875 0.0546875 0.0625
2 0.79140625 0.0359375 0.05625 0.021875
0 0.73515625 0.1140625 0.0328125 0.05
0 0.7734375 0.140625 0.0359375 0.0515625
5 0.79296875 0.1859375 0.05625 0.0640625
5 0.60625 0.2484375 0.09375 0.125
6 0.52109375 0.37578125 0.1234375 0.1796875
3 0.4765625 0.27890625 0.0828125 0.1234375
3 0.6015625 0.1765625 0.059375 0.0890625
3 0.6296875 0.1453125 0.0359375 0.078125
1 0.64453125 0.1109375 0.028125 0.065625
1 0.49765625 0.1375 0.0546875 0.08125
6 0.553125 0.11640625 0.0328125 0.046875
6 0.471875 0.1875 0.0453125 0.09375
1 0.3484375 0.17734375 0.06875 0.0890625
5 0.37734375 0.1328125 0.040625 0.0671875
0 0.69453125 0.1359375 0.0609375 0.084375