2 0.06171875 0.225 0.08125 0.178125
2 0.2734375 0.15546875 0.0765625 0.1640625
2 0.475 0.10546875 0.0625 0.1421875
2 0.6140625 0.09609375 0.06875 0.13125
2 0.7453125 0.0875 0.0640625 0.1234375
2 0.8359375 0.0796875 0.0578125 0.1078125
1 0.2140625 0.63828125 0.0953125 0.125
6 0.28046875 0.4734375 0.0546875 0.1015625
1 0.28203125 0.38359375 0.0734375 0.0953125
6 0.37421875 0.4640625 0.0421875 0.0828125
5 0.440625 0.56796875 0.078125 0.1140625
5 0.453125 0.38359375 0.071875 0.103125
5 0.53125 0.3375 0.0328125 0.0640625
1 0.54453125 0.4125 0.034375 0.0796875
3 0.59609375 0.5140625 0.090625 0.1484375
3 0.64609375 0.4140625 0.0359375 0.0765625
0 0.621875 0.3421875 0.059375 0.0875
0 0.71171875 0.35546875 0.0359375 0.071875
3 0.7484375 0.3109375 0.03125 0.0796875
0 0.796875 0.446875 0.075 0.0984375
6 0.85859375 0.39765625 0.0734375 0.1125
4 1 0.486907034375 0.9967948874999999 0.42574985937500004 0.817860690625 0.2756495859375 0.7449792953125 0.2284733234375 0.73410524375 0.22997040625 0.7325222890624999 0.24952449375 0.735704396875 0.2604840859375 0.9643924343749999 0.45433670312499996 0.96872463125 0.4772895765625 0.458829978125 0.6996505078124999 0.025835426562500003 0.8567863015625001 0.1591665140625 0.39547237343749997 0.1424838921875 0.3657491828125 0.1228647265625 0.3695589703125 0.1262277390625 0.3740187046875 0.013042332812499998 0.76195550625 0.0238971984375 0.9690786703125 0.35048694375 0.8416264281249999 0.8046448187499999 0.63053130625 1 0.5163158984375 1 0.486907034375