2 0.115625 0.153125 0.0921875 0.1828125
2 0.3375 0.12109375 0.0875 0.16875
2 0.54375 0.10703125 0.071875 0.1453125
2 0.6828125 0.121875 0.0765625 0.1359375
2 0.81328125 0.1359375 0.071875 0.1265625
2 0.90390625 0.14453125 0.065625 0.1109375
1 0.19453125 0.58671875 0.103125 0.1296875
6 0.28828125 0.43515625 0.0625 0.1046875
1 0.30546875 0.34765625 0.0796875 0.1
6 0.3828125 0.44296875 0.0484375 0.0859375
5 0.4296875 0.55703125 0.0859375 0.11875
5 0.47421875 0.37734375 0.078125 0.1078125
5 0.559375 0.3453125 0.0375 0.065625
1 0.559375 0.42109375 0.0390625 0.08125
3 0.5921875 0.53046875 0.1 0.153125
3 0.65859375 0.440625 0.040625 0.078125
0 0.646875 0.365625 0.0640625 0.090625
0 0.73359375 0.39375 0.040625 0.0734375
3 0.77734375 0.35703125 0.0359375 0.08125
0 0.8015625 0.49921875 0.08125 0.1015625
6 0.87109375 0.4609375 0.08125 0.1171875
4 1 0.510594771875 0.8519897125 0.334253903125 0.788407621875 0.2751386328125 0.77743880625 0.2747247109375 0.7724843671875 0.29370685 0.7737150203125001 0.305052509375 0.96526661875 0.53567133125 0.9655472749999999 0.5590277765625 0.42478649687500003 0.68946826875 0 0.7639574437500001 0 0.8692054 0.29343557656249997 0.8104736859375 0.77735005625 0.681449259375 0.9911951859375 0.6022907625 1 0.5305813109375 1 0.510594771875