10 0.640625 0.10625 0.06875 0.14375
10 0.7109375 0.11015625 0.084375 0.153125
10 0.509375 0.0921875 0.05625 0.1359375
10 0.27890625 0.08203125 0.084375 0.10625
2 0.89140625 0.2703125 0.096875 0.20625
10 0.45234375 0.08671875 0.0546875 0.1328125
2 0.8421875 0.1828125 0.0625 0.1390625
2 0.38046875 0.0625 0.0171875 0.0421875
2 0.9546875 0.603125 0.090625 0.296875
10 0.153125 0.08359375 0.059375 0.103125
10 0.2203125 0.0828125 0.053125 0.0984375
8 0.36796875 0.12421875 0.125 0.0328125
2 0.334375 0.06328125 0.0203125 0.0390625
2 0.80234375 0.12578125 0.040625 0.090625
2 0.01796875 0.1359375 0.03125 0.0625
2 0.1046875 0.103125 0.0296875 0.0609375
11 0.41015625 0.628125 0.534375 0.5546875
10 0.57265625 0.09609375 0.071875 0.1421875