10 0.06796875 0.07421875 0.1359375 0.1109375
8 0.2265625 0.034375 0.1875 0.0515625
4 0.268852628125 0.598965525 0.166310771875 0.21162064531250002 0.65671899375 0.0682626953125 0.8897815453125 0.1657553703125 0.8918516703125 0.1370276375 0.6567568859375 0.034871703125 0.1292161515625 0.1690458953125 0.22755134843749997 0.612582971875 0.268852628125 0.598965525
2 0.9359375 0.0453125 0.05625 0.090625
2 0.82265625 0.0203125 0.0515625 0.040625
2 0.71484375 0.00234375 0.0546875 0.0046875
0 0.671875 0.08203125 0.03125 0.0484375
0 0.7140625 0.10234375 0.0328125 0.05
5 0.740625 0.14375 0.053125 0.0625
5 0.565625 0.23515625 0.0875 0.1203125
6 0.5015625 0.37421875 0.115625 0.1734375
3 0.44296875 0.28515625 0.0765625 0.1203125
3 0.55 0.16484375 0.05625 0.0875
3 0.57265625 0.12890625 0.0328125 0.0765625
1 0.58203125 0.09296875 0.025 0.0640625
1 0.44140625 0.1421875 0.0515625 0.0796875
6 0.4921875 0.11328125 0.0296875 0.0453125
6 0.42265625 0.19609375 0.040625 0.0921875
1 0.3 0.20546875 0.065625 0.0859375
5 0.321875 0.15625 0.0375 0.065625
0 0.63515625 0.11015625 0.05625 0.0828125