10 0.70703125 0.13671875 0.0875 0.1515625
10 0.77578125 0.153125 0.1046875 0.1625
10 0.5796875 0.1 0.075 0.1421875
10 0.35390625 0.05390625 0.0984375 0.1078125
2 0.925 0.3421875 0.125 0.2171875
10 0.525 0.084375 0.071875 0.1390625
2 0.8921875 0.24765625 0.0796875 0.1453125
2 0.45859375 0.0484375 0.0234375 0.04375
2 0.93125 0.68125 0.1328125 0.3046875
10 0.2296875 0.0421875 0.071875 0.084375
10 0.296875 0.04609375 0.065625 0.0921875
8 0.43515625 0.10703125 0.128125 0.05
2 0.41328125 0.040625 0.025 0.040625
2 0.8625 0.184375 0.053125 0.0953125
2 0.08828125 0.0578125 0.0390625 0.065625
2 0.1796875 0.040625 0.0375 0.0640625
11 0.3890625 0.6109375 0.6046875 0.621875
10 0.64140625 0.11484375 0.090625 0.15