10 0.59921875 0.09375 0.0828125 0.15
10 0.66953125 0.090625 0.1 0.1609375
10 0.46640625 0.09296875 0.0703125 0.140625
10 0.2359375 0.10703125 0.0953125 0.1140625
2 0.86484375 0.23046875 0.11875 0.2140625
10 0.409375 0.09375 0.06875 0.1375
2 0.80703125 0.14921875 0.0765625 0.14375
2 0.33515625 0.07734375 0.021875 0.04375
2 0.9515625 0.5546875 0.096875 0.303125
10 0.1109375 0.121875 0.06875 0.1078125
10 0.178125 0.11484375 0.0625 0.103125
8 0.32890625 0.13984375 0.1265625 0.046875
2 0.28984375 0.0828125 0.0234375 0.040625
2 0.76171875 0.09609375 0.05 0.0953125
2 0.065625 0.14609375 0.0359375 0.0640625
11 0.42421875 0.63671875 0.5875 0.60625
10 0.5296875 0.090625 0.0859375 0.1484375