10 0.10234375 0.04296875 0.1609375 0.0859375
8 0.2765625 0.0171875 0.1875 0.034375
4 0.25977416249999996 0.574261903125 0.1982826078125 0.1783203953125 0.7009893078125 0.0870093921875 0.9225843578124999 0.2083296640625 0.9276460078125 0.1799756921875 0.7045173015625 0.05380528125 0.16584146718749998 0.13210143125 0.217275725 0.5834875921875 0.25977416249999996 0.574261903125
2 0.97734375 0.08125 0.0453125 0.115625
2 0.87265625 0.04765625 0.0515625 0.0609375
2 0.7671875 0.02109375 0.0546875 0.01875
0 0.71484375 0.10234375 0.03125 0.0484375
0 0.75390625 0.1265625 0.0328125 0.05
5 0.7765625 0.17109375 0.053125 0.0625
5 0.59296875 0.24375 0.0875 0.1203125
6 0.5140625 0.375 0.115625 0.1734375
3 0.465625 0.28046875 0.0765625 0.1203125
3 0.584375 0.171875 0.05625 0.0875
3 0.6109375 0.1390625 0.0328125 0.0765625
1 0.62421875 0.10390625 0.025 0.0640625
1 0.47890625 0.13828125 0.0515625 0.0796875
6 0.5328125 0.11484375 0.0296875 0.0453125
6 0.45546875 0.1890625 0.040625 0.0921875
1 0.33203125 0.1859375 0.065625 0.0859375
5 0.35859375 0.13984375 0.0375 0.065625
0 0.675 0.1265625 0.05625 0.0828125