4 0.22624245781250002 1 0.7908298671875 0.6092686578125 0.7910406812499999 0.5706536703125 0.529950653125 0.314606165625 0.5183517328125 0.321265946875 0.5261011296875 0.347367234375 0.7132506625 0.558860878125 0.71179793125 0.589634725 0.0722721125 0.9799633875 0.07490216875 1 0.22624245781250002 1
2 0.06953125 0.31875 0.0953125 0.171875
2 0.29140625 0.221875 0.0859375 0.1578125
2 0.43203125 0.18359375 0.084375 0.146875
2 0.56328125 0.1484375 0.08125 0.140625
2 0.66171875 0.11953125 0.065625 0.125
2 0.8625 0.18359375 0.1203125 0.20625
6 0.5828125 0.51328125 0.0921875 0.128125
6 0.05703125 0.6890625 0.065625 0.096875
5 0.1625 0.57421875 0.090625 0.1171875
5 0.084375 0.8234375 0.0984375 0.1453125
5 0.2609375 0.5 0.0515625 0.084375
1 0.025 0.58359375 0.05 0.1046875
1 0.23984375 0.59609375 0.0609375 0.09375
3 0.25078125 0.72421875 0.13125 0.184375
3 0.35078125 0.58515625 0.0609375 0.1078125
3 0.49375 0.42265625 0.059375 0.1046875
0 0.44296875 0.4828125 0.05 0.084375
0 0.3515625 0.4875 0.0984375 0.1203125
0 0.4984375 0.59453125 0.090625 0.128125