10 0.04765625 0.11796875 0.0953125 0.0609375
10 0.13984375 0.08515625 0.09375 0.0421875
10 0.478125 0.0046875 0.08125 0.009375
4 0.49609375 0.325 0.9921875 0.65
6 0.2984375 0.459375 0.1484375 0.190625
3 0.2953125 0.3390625 0.0984375 0.10625
1 0.2234375 0.23671875 0.0796875 0.0890625
5 0.26015625 0.19453125 0.046875 0.0734375
6 0.3296875 0.2375 0.078125 0.1015625
1 0.3796875 0.17109375 0.08125 0.090625
5 0.4515625 0.28984375 0.1171875 0.1484375
3 0.475 0.20234375 0.0921875 0.1171875
6 0.4515625 0.13671875 0.04375 0.0578125
3 0.53125 0.1515625 0.046875 0.078125
1 0.559375 0.1125 0.040625 0.0609375
0 0.61484375 0.1375 0.0859375 0.10625
5 0.7484375 0.16484375 0.0828125 0.09375
0 0.68984375 0.08671875 0.04375 0.0546875
0 0.734375 0.109375 0.05625 0.059375