10 0.5765625 0.0890625 0.090625 0.1546875
10 0.64765625 0.08203125 0.103125 0.159375
10 0.390625 0.0984375 0.0765625 0.1375
2 0.85 0.21171875 0.1234375 0.215625
9 0.26328125 0.19453125 0.203125 0.328125
10 0.4421875 0.0921875 0.075 0.140625
2 0.31328125 0.08515625 0.025 0.04375
2 0.78671875 0.13359375 0.0796875 0.1453125
10 0.15546875 0.1359375 0.0703125 0.109375
2 0.95 0.53203125 0.1 0.3046875
10 0.1015625 0.14375 0.0734375 0.10625
2 0.04765625 0.1703125 0.040625 0.06875
2 0.26953125 0.09453125 0.0234375 0.040625
2 0.74609375 0.08515625 0.0609375 0.1046875
10 0.08125 0.14453125 0.065625 0.103125
8 0.321875 0.1484375 0.1078125 0.0484375
10 0.50703125 0.0890625 0.09375 0.14375
11 0.43671875 0.6453125 0.6 0.63125