10 0.7125 0.13984375 0.090625 0.1546875
10 0.78203125 0.1578125 0.103125 0.159375
10 0.534375 0.08515625 0.0765625 0.1375
2 0.92734375 0.3484375 0.1234375 0.215625
9 0.3828125 0.14765625 0.203125 0.2953125
10 0.58515625 0.096875 0.075 0.140625
2 0.46640625 0.046875 0.025 0.04375
2 0.89453125 0.25390625 0.0796875 0.1453125
10 0.30078125 0.04765625 0.0703125 0.0953125
2 0.92890625 0.690625 0.1359375 0.3046875
10 0.24765625 0.040625 0.0734375 0.08125
2 0.1875 0.0359375 0.040625 0.06875
2 0.42265625 0.040625 0.0234375 0.040625
2 0.87265625 0.19453125 0.0609375 0.1046875
10 0.228125 0.03671875 0.065625 0.0734375
2 0.096875 0.04609375 0.046875 0.071875
8 0.453125 0.10859375 0.1078125 0.0484375
10 0.646875 0.11640625 0.09375 0.14375
11 0.390625 0.61484375 0.6 0.63125