4 0.1935947515625 1 0.7868392796875 0.619351909375 0.788397609375 0.580767803125 0.5364025609375 0.315764365625 0.52457828125 0.32201529375 0.5314120359375 0.3483711296875 0.711066540625 0.5662673625 0.708540703125 0.5969717625000001 0.0557821921875 0.96474351875 0.0591633640625 1 0.1935947515625 1
2 0.07578125 0.30390625 0.090625 0.1703125
2 0.3015625 0.21484375 0.0796875 0.15625
2 0.44296875 0.18125 0.08125 0.1453125
2 0.575 0.15078125 0.0765625 0.1390625
2 0.675 0.125 0.0625 0.1234375
2 0.8734375 0.196875 0.1140625 0.2046875
6 0.58203125 0.515625 0.0875 0.1265625
6 0.05078125 0.6734375 0.0625 0.096875
5 0.16015625 0.5625 0.0859375 0.115625
5 0.0734375 0.80859375 0.09375 0.14375
5 0.2609375 0.49140625 0.0484375 0.084375
1 0.0234375 0.56796875 0.046875 0.1046875
1 0.23671875 0.58671875 0.0578125 0.0921875
3 0.24296875 0.715625 0.1265625 0.18125
3 0.34765625 0.58046875 0.0578125 0.10625
3 0.496875 0.42265625 0.05625 0.103125
0 0.44296875 0.48125 0.046875 0.0828125
0 0.35234375 0.48203125 0.0953125 0.11875
0 0.4953125 0.59453125 0.0875 0.1265625