10 0.54765625 0.084375 0.1 0.1578125
10 0.61796875 0.0765625 0.1109375 0.153125
10 0.3625 0.10703125 0.084375 0.1390625
2 0.82890625 0.1875 0.1359375 0.21875
9 0.24296875 0.21171875 0.221875 0.3328125
10 0.4140625 0.096875 0.0828125 0.1421875
2 0.28515625 0.09921875 0.028125 0.0453125
2 0.7609375 0.11484375 0.0890625 0.1484375
10 0.13125 0.1609375 0.0765625 0.1125
2 0.94609375 0.5 0.1078125 0.30625
10 0.07734375 0.171875 0.0796875 0.1078125
2 0.02578125 0.203125 0.0453125 0.0703125
2 0.2421875 0.11171875 0.025 0.040625
2 0.71640625 0.06953125 0.0671875 0.10625
10 0.05703125 0.175 0.0703125 0.1046875
8 0.29765625 0.16171875 0.109375 0.0546875
10 0.478125 0.08984375 0.1015625 0.146875
11 0.446875 0.64921875 0.6296875 0.6578125