10 0.1359375 0.03203125 0.09375 0.0421875
10 0.23359375 0.01953125 0.0921875 0.0234375
10 0.584375 0.0046875 0.08125 0.009375
10 0.66640625 0.00546875 0.0609375 0.0109375
2 0.840625 0.01484375 0.04375 0.0296875
2 0.909375 0.0359375 0.046875 0.071875
4 0.5 0.30859375 1 0.4796875
6 0.3109375 0.41796875 0.115625 0.1734375
3 0.33359375 0.3 0.0828125 0.0921875
1 0.284375 0.184375 0.065625 0.078125
5 0.32890625 0.15078125 0.034375 0.06875
6 0.38828125 0.2078125 0.0609375 0.0921875
1 0.45078125 0.153125 0.0671875 0.0796875
5 0.49609375 0.284375 0.0921875 0.134375
3 0.5375 0.20390625 0.0734375 0.10625
6 0.528125 0.134375 0.034375 0.0515625
3 0.603125 0.165625 0.0328125 0.075
1 0.6390625 0.13359375 0.0296875 0.05625
0 0.6875 0.16875 0.06875 0.0953125
5 0.8125 0.22421875 0.06875 0.08125
0 0.771875 0.1359375 0.034375 0.05
0 0.81015625 0.16640625 0.0484375 0.0515625