4 1 0.275525909375 0.950672646875 0.1954818203125 0.6370627578125 0.12098055781249999 0.290337371875 0.0739203171875 0.0077429375 0.3134846796875 0.0187370875 0.35676470625 0.2499850125 0.155125828125 0.3027834546875 0.1267834890625 0.9357386171875 0.239445196875 1 0.3509371703125 1 0.275525909375
0 0.90078125 0.253125 0.04375 0.0578125
0 0.921875 0.315625 0.075 0.0875
5 0.871875 0.3765625 0.0921875 0.125
0 0.74765625 0.26015625 0.0890625 0.1171875
1 0.71640625 0.19140625 0.040625 0.06875
6 0.59140625 0.1640625 0.040625 0.0640625
3 0.6359375 0.2171875 0.0359375 0.084375
3 0.5328125 0.2359375 0.084375 0.1234375
1 0.49296875 0.1640625 0.0703125 0.096875
5 0.415625 0.29296875 0.078125 0.1265625
6 0.19140625 0.3484375 0.1296875 0.1671875
3 0.28125 0.26484375 0.08125 0.103125
1 0.33203125 0.140625 0.05625 0.071875
6 0.39296875 0.196875 0.071875 0.1
5 0.39296875 0.125 0.028125 0.0515625
2 0.05859375 0.0484375 0.0734375 0.096875
2 0.18359375 0.01328125 0.0609375 0.0265625
8 0.63515625 0.0234375 0.2203125 0.0453125
10 0.8421875 0.05390625 0.2 0.090625