9 0.59375 0.21171875 0.240625 0.409375
11 0.41015625 0.63203125 0.5453125 0.575
2 0.03828125 0.11015625 0.0328125 0.0671875
2 0.128125 0.084375 0.0375 0.0609375
2 0.35625 0.05390625 0.021875 0.0484375
2 0.40625 0.0546875 0.021875 0.0421875
2 0.95390625 0.653125 0.0921875 0.265625
2 0.896875 0.29609375 0.1171875 0.225
2 0.8546875 0.20625 0.0625 0.14375
2 0.8375 0.16328125 0.034375 0.0953125
2 0.81953125 0.1375 0.0265625 0.0671875
10 0.15859375 0.0671875 0.0421875 0.109375
10 0.1828125 0.0671875 0.046875 0.10625
10 0.2171875 0.06875 0.0546875 0.1265625
10 0.25078125 0.06953125 0.046875 0.1234375
10 0.3046875 0.0703125 0.084375 0.11875
10 0.475 0.08203125 0.06875 0.14375
10 0.52890625 0.090625 0.0640625 0.1484375
10 0.58671875 0.08984375 0.0640625 0.1546875
10 0.6578125 0.10625 0.071875 0.1703125
10 0.73125 0.11875 0.0859375 0.1921875
8 0.38515625 0.115625 0.125 0.046875