2 0.04921875 0.28125 0.08125 0.1359375
2 0.1671875 0.22109375 0.084375 0.1359375
2 0.29609375 0.15625 0.078125 0.115625
2 0.37109375 0.1234375 0.0609375 0.096875
2 0.425 0.12890625 0.075 0.11875
2 0.5265625 0.134375 0.0953125 0.1515625
2 0.72734375 0.153125 0.1453125 0.20625
4 0.42198568437499995 1 0.8025779249999999 0.5267983546874999 0.802570940625 0.4922806640625 0.7740427578125 0.47833427500000003 0.41907601406249995 0.8925632984374999 0.3630201546875 0.87306391875 0.1917237 0.36829396875 0.197099415625 0.3504156796875 0.366384146875 0.24752346093750002 0.35549754375 0.22413991718749998 0.1621494859375 0.32690474687500004 0.3404125640625 0.9645984765625 0.35802646875 1 0.42198568437499995 1
1 0.36015625 0.275 0.053125 0.0578125
1 0.2421875 0.33203125 0.046875 0.0609375
1 0.36640625 0.384375 0.046875 0.0625
6 0.309375 0.3046875 0.0484375 0.0546875
6 0.315625 0.3328125 0.0359375 0.053125
6 0.4546875 0.6515625 0.128125 0.16875
0 0.36953125 0.565625 0.0890625 0.1296875
0 0.46953125 0.48203125 0.0546875 0.0890625
0 0.45390625 0.4046875 0.0765625 0.1
3 0.296875 0.43671875 0.0890625 0.1015625
3 0.37421875 0.44453125 0.05625 0.0765625
3 0.56171875 0.515625 0.1078125 0.1203125
5 0.37734375 0.33515625 0.0703125 0.0859375
5 0.43203125 0.34921875 0.046875 0.0640625
5 0.26484375 0.3796875 0.0546875 0.06875