2 0.08359375 0.2203125 0.0640625 0.1328125
2 0.209375 0.17734375 0.06875 0.13125
2 0.34609375 0.13046875 0.0640625 0.1109375
2 0.42421875 0.109375 0.05 0.0953125
2 0.47734375 0.121875 0.0609375 0.115625
2 0.57734375 0.1421875 0.078125 0.146875
2 0.7734375 0.1875 0.121875 0.1984375
4 0.336409053125 1 0.795903646875 0.5686482640625 0.8007006640625001 0.5344655234375 0.7743910781250001 0.5166845046875 0.365229309375 0.8774804578125 0.3124327703125 0.8503693765625 0.2130537609375 0.3266719546875 0.2208653359375 0.3097158109375 0.4028224296875 0.23138481249999998 0.3952961359375 0.2067137140625 0.1895276265625 0.28156959375 0.2773060484375 0.9378667578125001 0.2980382546875 1 0.336409053125 1
1 0.39296875 0.2578125 0.0484375 0.053125
1 0.26796875 0.29765625 0.040625 0.05625
1 0.38359375 0.3671875 0.0390625 0.059375
6 0.33828125 0.2796875 0.04375 0.0515625
6 0.34140625 0.30859375 0.0296875 0.0515625
6 0.434375 0.64375 0.109375 0.159375
0 0.36171875 0.546875 0.0734375 0.125
0 0.471875 0.478125 0.04375 0.0875
0 0.46796875 0.39921875 0.065625 0.0953125
3 0.3078125 0.409375 0.078125 0.09375
3 0.38359375 0.428125 0.046875 0.0734375
3 0.55859375 0.52421875 0.096875 0.1109375
5 0.4015625 0.3203125 0.0625 0.08125
5 0.45390625 0.34140625 0.0390625 0.0609375
5 0.28359375 0.34765625 0.046875 0.065625