4 1 0.2817474921875 0.965992265625 0.2194855359375 0.6567112625 0.1286733015625 0.3129239953125 0.06353135 0.018179015625 0.2879775484375 0.0268929984375 0.3317736515625 0.26837696875 0.14251369375 0.3225863765625 0.11697345156250001 0.9487778375 0.26260707499999997 1 0.36331801874999997 1 0.2817474921875
0 0.91328125 0.27421875 0.046875 0.059375
0 0.93046875 0.3375 0.0796875 0.090625
5 0.87734375 0.39609375 0.0984375 0.1296875
0 0.76015625 0.2734375 0.09375 0.1203125
1 0.73203125 0.203125 0.04375 0.0703125
6 0.60859375 0.16953125 0.04375 0.065625
3 0.65 0.22421875 0.040625 0.0859375
3 0.54609375 0.23828125 0.090625 0.128125
1 0.51015625 0.16484375 0.075 0.1
5 0.4265625 0.2890625 0.084375 0.1296875
6 0.19921875 0.3328125 0.1375 0.171875
3 0.29375 0.25390625 0.0859375 0.10625
1 0.35078125 0.1328125 0.059375 0.075
6 0.409375 0.19140625 0.0765625 0.1046875
5 0.4125 0.11953125 0.03125 0.053125
2 0.08359375 0.0375 0.0796875 0.075
2 0.209375 0.00625 0.0625 0.0125
8 0.66015625 0.03125 0.221875 0.05625
10 0.86484375 0.07265625 0.203125 0.1015625