9 0.61875 0.22109375 0.275 0.4265625
11 0.39921875 0.6234375 0.590625 0.615625
2 0.07421875 0.07109375 0.0390625 0.0703125
2 0.165625 0.05390625 0.0421875 0.0640625
2 0.3953125 0.04296875 0.025 0.05
2 0.4453125 0.0484375 0.025 0.04375
2 0.93828125 0.6921875 0.1140625 0.2703125
2 0.91328125 0.33125 0.1359375 0.2328125
2 0.87890625 0.23828125 0.075 0.1484375
2 0.865625 0.19375 0.0421875 0.096875
2 0.85 0.16640625 0.0328125 0.06875
10 0.19765625 0.04765625 0.0515625 0.0953125
10 0.221875 0.04765625 0.05625 0.0953125
10 0.25625 0.05546875 0.065625 0.1109375
10 0.2890625 0.05625 0.05625 0.1125
10 0.3421875 0.05859375 0.09375 0.1171875
10 0.5109375 0.08125 0.08125 0.1484375
10 0.56484375 0.09453125 0.0765625 0.1515625
10 0.62265625 0.0984375 0.0765625 0.159375
10 0.69140625 0.12109375 0.0859375 0.175
10 0.7640625 0.140625 0.1015625 0.196875
8 0.41953125 0.10703125 0.128125 0.0578125