4 0.6237516750000001 0.116428025 0.27559512656249996 0.08149699375 0.0015335156250000002 0.3307778234375 0.014031420312500001 0.37364779531250003 0.2381013796875 0.1640613140625 0.289878525 0.1338936 0.9263799453124999 0.2243968609375 0.9986894218750001 0.34030451875 1 0.2704423359375 0.939770578125 0.17993907656250002 0.6237516750000001 0.116428025
0 0.8921875 0.2390625 0.0421875 0.05625
0 0.91484375 0.30078125 0.071875 0.084375
5 0.8671875 0.36328125 0.0875 0.121875
0 0.7390625 0.2515625 0.084375 0.1140625
1 0.70546875 0.184375 0.0375 0.0671875
6 0.5796875 0.1609375 0.0375 0.0625
3 0.62578125 0.2125 0.0328125 0.084375
3 0.5234375 0.23515625 0.08125 0.121875
1 0.48125 0.16484375 0.065625 0.09375
5 0.40859375 0.29609375 0.0734375 0.1234375
6 0.1859375 0.359375 0.1234375 0.1625
3 0.2734375 0.27265625 0.078125 0.1
1 0.31953125 0.146875 0.053125 0.0703125
6 0.3828125 0.20078125 0.06875 0.0984375
5 0.3796875 0.12890625 0.0265625 0.05
2 0.04296875 0.05546875 0.0703125 0.1109375
2 0.1671875 0.01875 0.059375 0.0375
8 0.61875 0.01875 0.21875 0.0375
10 0.8265625 0.0421875 0.196875 0.084375