9 0.50546875 0.21015625 0.3234375 0.4203125
11 0.45234375 0.65234375 0.653125 0.6734375
2 0.02421875 0.21015625 0.0484375 0.0671875
2 0.23203125 0.115625 0.03125 0.0515625
2 0.28046875 0.1015625 0.03125 0.0453125
2 0.95234375 0.5140625 0.0953125 0.275
2 0.8203125 0.18828125 0.1640625 0.2421875
2 0.75390625 0.11484375 0.0921875 0.1515625
2 0.72421875 0.07890625 0.0546875 0.0984375
2 0.7 0.06015625 0.040625 0.0703125
10 0.046875 0.1859375 0.065625 0.1140625
10 0.0703125 0.17890625 0.06875 0.1125
10 0.103125 0.1703125 0.08125 0.1328125
10 0.1359375 0.1609375 0.071875 0.1296875
10 0.1875 0.14609375 0.1078125 0.1328125
10 0.35390625 0.10703125 0.0984375 0.153125
10 0.4078125 0.1 0.09375 0.15625
10 0.46328125 0.08203125 0.096875 0.1625
10 0.53515625 0.08359375 0.1078125 0.1671875
10 0.609375 0.084375 0.125 0.16875
8 0.278125 0.165625 0.13125 0.0734375