2 0.0890625 0.21328125 0.0625 0.1328125
2 0.21484375 0.17265625 0.0671875 0.13125
2 0.35234375 0.128125 0.0625 0.1109375
2 0.43125 0.1078125 0.0484375 0.09375
2 0.48359375 0.121875 0.059375 0.115625
2 0.58359375 0.14296875 0.075 0.146875
2 0.77890625 0.19296875 0.11875 0.196875
4 0.3244740234375 1 0.794660503125 0.5738020390624999 0.8000533609374999 0.539708225 0.774058103125 0.5214707484375001 0.3586618921875 0.8750708921875001 0.30634655 0.8470425140625 0.21612245468750002 0.3216904515625 0.2242287671875 0.3048732203125 0.40752521093749994 0.22972974062499998 0.400430634375 0.20493104843749999 0.19338705 0.276184371875 0.2696981375 0.9339135234375 0.29047487968749997 1 0.3244740234375 1
1 0.39765625 0.25625 0.046875 0.053125
1 0.271875 0.29375 0.0390625 0.05625
1 0.3859375 0.36484375 0.0390625 0.059375
6 0.3421875 0.27734375 0.04375 0.05
6 0.34453125 0.30546875 0.028125 0.0515625
6 0.43203125 0.6421875 0.1078125 0.1578125
0 0.3609375 0.54453125 0.071875 0.1234375
0 0.47265625 0.478125 0.0421875 0.0875
0 0.46953125 0.3984375 0.0640625 0.09375
3 0.309375 0.40625 0.078125 0.0921875
3 0.384375 0.42578125 0.046875 0.0734375
3 0.55859375 0.525 0.0953125 0.109375
5 0.4046875 0.31796875 0.0609375 0.0796875
5 0.45625 0.340625 0.0390625 0.0609375
5 0.28671875 0.34375 0.0453125 0.0640625