8 0.08828125 0.36484375 0.1765625 0.2078125
7 0.01953125 0.2703125 0.0390625 0.09375
6 0.4203125 0.259375 0.053125 0.065625
6 0.4921875 0.3828125 0.0640625 0.084375
6 0.4625 0.3 0.0390625 0.0609375
10 0.1671875 0.1875 0.2421875 0.246875
2 0.35625 0.1359375 0.065625 0.1140625
2 0.45546875 0.11953125 0.0703125 0.1171875
2 0.603125 0.10078125 0.0765625 0.1234375
2 0.6984375 0.0953125 0.084375 0.1375
2 0.75390625 0.1203125 0.0953125 0.1578125
2 0.8640625 0.19609375 0.153125 0.228125
5 0.4703125 0.2703125 0.053125 0.065625
5 0.39453125 0.31953125 0.0546875 0.065625
5 0.2625 0.66953125 0.0828125 0.115625
3 0.5171875 0.2640625 0.0484375 0.0703125
3 0.409375 0.5546875 0.0875 0.13125
3 0.49375 0.46171875 0.059375 0.090625
1 0.3234375 0.41796875 0.078125 0.1015625
1 0.38515625 0.45078125 0.053125 0.0796875
1 0.51328125 0.3125 0.05625 0.071875
0 0.41875 0.36796875 0.0765625 0.1015625
0 0.28828125 0.54609375 0.0890625 0.1203125
0 0.40078125 0.721875 0.090625 0.1296875
4 0.483546865625 1 0.488592365625 0.9417166421875001 0.12922685625000002 0.7924706203125 0.1246370421875 0.72364668125 0.3868091828125 0.26535461875 0.4053380390625 0.2451837078125 0.5998916328125 0.23304851875 0.5877199234375 0.20154753906249998 0.3871711078125 0.2198267828125 0.0490960765625 0.7835309984375 0.0693487640625 0.8327934562499999 0.3961184546875 1 0.483546865625 1