8 0.22734375 0.06875 0.328125 0.1109375
10 0.040625 0.1203125 0.08125 0.103125
10 0.4375 0.028125 0.109375 0.05625
10 0.53515625 0.0234375 0.1015625 0.046875
2 0.7546875 0.0078125 0.0625 0.015625
2 0.84375 0.02890625 0.084375 0.0578125
4 0.49921875 0.3609375 0.9984375 0.5125
3 0.20390625 0.69140625 0.2453125 0.31875
1 0.10703125 0.4875 0.171875 0.209375
6 0.275 0.37734375 0.078125 0.1109375
3 0.3796875 0.478125 0.090625 0.171875
1 0.465625 0.328125 0.06875 0.1125
0 0.54921875 0.44296875 0.1578125 0.228125
5 0.81328125 0.58515625 0.18125 0.2421875
0 0.77421875 0.375 0.1171875 0.1609375
0 0.69453125 0.28203125 0.0734375 0.096875