8 0.3828125 0.028125 0.328125 0.05625
10 0.153125 0.01484375 0.15625 0.0296875
10 0.59609375 0.03203125 0.1078125 0.0609375
10 0.69296875 0.0515625 0.1015625 0.0671875
2 0.91015625 0.09140625 0.0609375 0.071875
2 0.97421875 0.13203125 0.0515625 0.1296875
4 0.5 0.359375 1 0.496875
3 0.1578125 0.584375 0.240625 0.315625
1 0.13203125 0.36015625 0.16875 0.2078125
6 0.32734375 0.31015625 0.0765625 0.109375
3 0.39296875 0.440625 0.0875 0.171875
1 0.5234375 0.3265625 0.0671875 0.1109375
0 0.565625 0.46171875 0.153125 0.2265625
5 0.76875 0.6828125 0.178125 0.240625
0 0.80078125 0.47109375 0.1140625 0.159375
0 0.75546875 0.3578125 0.071875 0.096875