8 0.1296875 0.23046875 0.2171875 0.19375
7 0.0890625 0.11640625 0.1 0.0875
6 0.503125 0.24609375 0.0484375 0.0625
6 0.53046875 0.38671875 0.059375 0.08125
6 0.5296875 0.29921875 0.034375 0.059375
10 0.28671875 0.10625 0.2265625 0.2125
2 0.4828125 0.109375 0.05625 0.1125
2 0.58125 0.12578125 0.0609375 0.115625
2 0.72734375 0.15625 0.0671875 0.1203125
2 0.81953125 0.18203125 0.075 0.134375
2 0.8640625 0.2234375 0.0828125 0.1546875
2 0.9375 0.33125 0.125 0.221875
5 0.546875 0.2734375 0.0484375 0.0640625
5 0.459375 0.2953125 0.05 0.0640625
5 0.2203125 0.5828125 0.075 0.1125
3 0.59296875 0.28203125 0.04375 0.0671875
3 0.396875 0.521875 0.078125 0.1265625
3 0.50625 0.46171875 0.053125 0.0875
1 0.36015625 0.36484375 0.071875 0.096875
1 0.40703125 0.41640625 0.046875 0.078125
1 0.5734375 0.32734375 0.0515625 0.06875
0 0.465625 0.3484375 0.0703125 0.0984375
0 0.28515625 0.47421875 0.08125 0.115625
0 0.334375 0.67734375 0.08125 0.125
4 0 0.6905992624999999 0.2620446890625 0.962890828125 0.3155713140625 0.9811099171875 0.34540499687500004 0.9139373281250001 0.0542079859375 0.6558244765625 0.0722751140625 0.589255865625 0.46936904375 0.24128710781249998 0.49345542656249997 0.2282475421875 0.6813602953125 0.28011395 0.680107434375 0.24636646875 0.4845336640625 0.1983575234375 0 0.605611196875 0 0.6905992624999999