8 0.33984375 0.02734375 0.3265625 0.0546875
10 0.109375 0.028125 0.15 0.05625
10 0.55546875 0.025 0.1046875 0.05
10 0.653125 0.0359375 0.0984375 0.059375
2 0.8734375 0.05703125 0.05625 0.0671875
2 0.95625 0.090625 0.0734375 0.125
4 0.5 0.35859375 1 0.4140625
3 0.16640625 0.6140625 0.21875 0.3015625
1 0.12109375 0.39296875 0.1546875 0.196875
6 0.31171875 0.3265625 0.0671875 0.10625
3 0.38828125 0.45 0.075 0.16875
1 0.50859375 0.325 0.0578125 0.1078125
0 0.56171875 0.45625 0.1375 0.2171875
5 0.78359375 0.65859375 0.1609375 0.2296875
0 0.796875 0.44453125 0.103125 0.153125
0 0.74140625 0.3359375 0.0640625 0.0921875