8 0.16484375 0.18671875 0.234375 0.2125
7 0.1390625 0.06953125 0.10625 0.096875
6 0.53359375 0.2484375 0.0546875 0.0671875
6 0.54375 0.39140625 0.0671875 0.0859375
6 0.55390625 0.30390625 0.040625 0.0609375
10 0.3375 0.09921875 0.246875 0.1984375
2 0.53046875 0.11015625 0.06875 0.115625
2 0.6265625 0.13828125 0.0734375 0.11875
2 0.7671875 0.18671875 0.0796875 0.1234375
2 0.85546875 0.2234375 0.0890625 0.1375
2 0.89453125 0.26953125 0.1 0.159375
2 0.940625 0.3859375 0.11875 0.23125
5 0.57421875 0.28125 0.0546875 0.0671875
5 0.484375 0.29140625 0.05625 0.0671875
5 0.2125 0.5484375 0.0859375 0.1171875
3 0.61875 0.2953125 0.0515625 0.0703125
3 0.39453125 0.509375 0.090625 0.1328125
3 0.5109375 0.4625 0.0625 0.0921875
1 0.37734375 0.3484375 0.08125 0.103125
1 0.41796875 0.40546875 0.0546875 0.08125
1 0.59375 0.3375 0.0578125 0.071875
0 0.484375 0.3453125 0.0796875 0.103125
0 0.28984375 0.4484375 0.0921875 0.121875
0 0.3140625 0.65546875 0.09375 0.13125
4 0 0.6542158546875 0.2074061703125 0.9304410515624999 0.2583134671875 0.95504759375 0.2961110546875 0.8920115109375001 0.038540625 0.6003346031250001 0.06458575625 0.536464015625 0.5011265328125 0.239482540625 0.526622503125 0.22947556093750002 0.7068058328125 0.30385520781249997 0.70967509375 0.2702065890625 0.5214099171875 0.1987210484375 0 0.537940503125 0 0.6542158546875