10 0.065625 0.1265625 0.1140625 0.078125
10 0.16328125 0.09140625 0.1078125 0.0609375
10 0.5125 0.0109375 0.090625 0.021875
4 0.528125 0.42109375 0.94375 0.8359375
1 0.7390625 0.45859375 0.11875 0.1671875
6 0.39296875 0.4859375 0.1390625 0.190625
1 0.328125 0.28359375 0.09375 0.1171875
5 0.38203125 0.2234375 0.053125 0.0734375
0 0.4421875 0.278125 0.084375 0.1234375
5 0.4765625 0.18515625 0.071875 0.0890625
0 0.61171875 0.35859375 0.1484375 0.19375
5 0.63046875 0.21640625 0.0921875 0.0953125
3 0.69921875 0.16171875 0.05 0.0765625
6 0.76796875 0.21484375 0.0640625 0.1
3 0.9265625 0.3453125 0.1421875 0.2109375
1 0.69765625 0.1171875 0.0671875 0.0828125
0 0.7953125 0.0859375 0.04375 0.06875
5 0.859375 0.18203125 0.1 0.1359375