10 0.3765625 0.00625 0.10625 0.0125
10 0.7328125 0.0515625 0.090625 0.046875
10 0.81328125 0.06875 0.0796875 0.046875
2 0.090625 0.01640625 0.0125 0.0125
2 0.97734375 0.1125 0.0453125 0.0625
4 0.55 0.453125 0.9 0.7875
1 0.7328125 0.5671875 0.109375 0.1640625
6 0.409375 0.440625 0.1296875 0.1875
1 0.440625 0.2296875 0.0890625 0.1140625
5 0.515625 0.2 0.0484375 0.071875
0 0.5453125 0.275 0.078125 0.1203125
5 0.61640625 0.20703125 0.0671875 0.0875
0 0.6625 0.421875 0.1390625 0.1890625
5 0.74140625 0.30234375 0.0875 0.0921875
3 0.82734375 0.28359375 0.046875 0.075
6 0.86640625 0.3609375 0.059375 0.0984375
3 0.94296875 0.54765625 0.1140625 0.2078125
1 0.8453125 0.2421875 0.0640625 0.08125
0 0.946875 0.25703125 0.0390625 0.06875
5 0.9578125 0.37109375 0.084375 0.1328125