10 0.121875 0.06953125 0.109375 0.065625
10 0.2234375 0.0484375 0.1046875 0.0484375
10 0.58203125 0.0109375 0.0890625 0.021875
10 0.6640625 0.00703125 0.078125 0.0140625
2 0.83671875 0.00703125 0.0453125 0.0140625
2 0.9109375 0.02734375 0.05625 0.0546875
4 0.55 0.42890625 0.9 0.7359375
1 0.7421875 0.4921875 0.1 0.1609375
6 0.3953125 0.47109375 0.11875 0.18125
1 0.359375 0.26171875 0.0828125 0.109375
5 0.421875 0.209375 0.04375 0.0703125
0 0.4734375 0.271875 0.0703125 0.1171875
5 0.5203125 0.18515625 0.0625 0.084375
0 0.63046875 0.375 0.128125 0.1828125
5 0.66875 0.2375 0.0828125 0.0875
3 0.74375 0.19296875 0.0421875 0.0734375
6 0.80546875 0.2546875 0.053125 0.096875
3 0.9421875 0.40625 0.115625 0.203125
1 0.74921875 0.1484375 0.059375 0.078125
0 0.85 0.13125 0.0359375 0.0671875
5 0.90078125 0.23515625 0.0859375 0.128125