2 0.8484375 0.0484375 0.0875 0.096875
4 0.12436725625 1 0.1775167125 0.9896813765625 0.13393161874999998 0.3983792609375 0.166786521875 0.3563259765625 0.653741446875 0.1215077546875 0.9297347453125001 0.27713414062499997 0.9346221265624999 0.23504874375 0.6572390140625 0.075543959375 0.094726984375 0.3176334421875 0.08820619843750001 0.6083070875 0.113370790625 1 0.12436725625 1
0 0.21484375 0.53828125 0.06875 0.115625
5 0.215625 0.390625 0.053125 0.09375
3 0.346875 0.4171875 0.0578125 0.1296875
0 0.3046875 0.3171875 0.06875 0.0828125
3 0.42734375 0.31328125 0.0421875 0.0875
3 0.47890625 0.415625 0.05625 0.1
0 0.52734375 0.25546875 0.0734375 0.1
1 0.42265625 0.23828125 0.0578125 0.0890625
6 0.56640625 0.34140625 0.0671875 0.09375
5 0.56328125 0.1921875 0.0453125 0.0640625
6 0.65078125 0.1515625 0.0625 0.078125
6 0.6453125 0.2296875 0.0375 0.06875
1 0.68125 0.2875 0.0703125 0.109375
5 0.6953125 0.19921875 0.0703125 0.0859375
3 0.7546875 0.23515625 0.0734375 0.0953125
8 0.440748134375 0.0029223453125 0.1349587484375 0.0923280578125 0.1412799109375 0.135467403125 0.4496603484375 0.0343916515625 0.440748134375 0.0029223453125
10 0 0.145345065625 0.0165787765625 0.20779670781249998 0.1423865 0.15129235937500002 0.14255771875 0.0737564890625 0.1212689125 0.0252625078125 0 0.0389331578125 0 0.145345065625