2 0.953125 0.13984375 0.09375 0.1328125
4 0 0.8851977968750001 0.061766196875 0.889531071875 0.172706478125 0.307096434375 0.21532606875 0.27497955625000003 0.7464638359375 0.1741957796875 0.97277381875 0.395951646875 0.9883871671875 0.35656522343749997 0.76173853125 0.1307033984375 0.1557362671875 0.21895505625 0.0742057953125 0.498036534375 0 0.86859093125 0 0.8851977968750001
0 0.2140625 0.4625 0.08125 0.1203125
5 0.25390625 0.32109375 0.0640625 0.0984375
3 0.3734375 0.38046875 0.071875 0.134375
0 0.35859375 0.27265625 0.0765625 0.0890625
3 0.478125 0.30078125 0.0515625 0.090625
3 0.5015625 0.4125 0.0671875 0.1046875
0 0.58984375 0.27109375 0.084375 0.10625
1 0.49296875 0.22734375 0.0671875 0.09375
6 0.60546875 0.3640625 0.0765625 0.0984375
5 0.640625 0.21953125 0.0515625 0.0671875
6 0.7359375 0.203125 0.0703125 0.084375
6 0.71015625 0.2765625 0.0453125 0.071875
1 0.7296875 0.34140625 0.08125 0.1140625
5 0.76640625 0.259375 0.0796875 0.0921875
3 0.81484375 0.31015625 0.084375 0.1015625
8 0.5714202562499999 0.00452434375 0.25291049062500004 0.011739514062500001 0.2478509796875 0.055044959375 0.5718839390625 0.0372280109375 0.5714202562499999 0.00452434375
10 0.10889350312499999 0 0.1086787328125 0.092634675 0.2448240625 0.0706171 0.26391309375 0 0.10889350312499999 0