0 0.03046875 0.5765625 0.0609375 0.134375
5 0.13671875 0.38671875 0.078125 0.1109375
3 0.21640625 0.46796875 0.096875 0.1515625
0 0.26640625 0.35625 0.0953125 0.1171875
1 0.37890625 0.4296875 0.0671875 0.115625
1 0.4453125 0.321875 0.096875 0.1234375
3 0.42734375 0.74765625 0.0953125 0.159375
6 0.49609375 0.5890625 0.1203125 0.1703125
0 0.53515625 0.42890625 0.11875 0.159375
5 0.6375 0.35703125 0.0796875 0.1125
6 0.71015625 0.4703125 0.075 0.103125
6 0.78515625 0.36015625 0.1015625 0.11875
5 0.803125 0.47109375 0.125 0.15
3 0.85859375 0.5765625 0.1421875 0.175
1 0.703125 0.59765625 0.121875 0.178125
2 0.97265625 0.1703125 0.0546875 0.175
4 1 0.49675079999999994 0.8639898765625 0.259662521875 0.10873513906250001 0.25022025000000003 0.0156854328125 0.384029134375 0 0.4576734125 0 0.490631290625 0.0901952671875 0.34559961875 0.165417153125 0.30365946875 0.8154355796875 0.30476626093750003 0.8566421078124999 0.3208562546875 0.9180652890625 0.4317788671875 0.9923270562500001 0.5876183968750001 1 0.548144525 1 0.49675079999999994
8 0.32139175625 0.051327346875 0.6652046078125 0.07759801093749999 0.6698641125 0.036082376562500004 0.3278659546875 0.0059658265625 0.32139175625 0.051327346875
10 0.1824755609375 0 0.18343631093749999 0.064754315625 0.31062001875 0.0712957453125 0.3469055640625 0.0015864937499999998 0.34690162343750003 0 0.1824755609375 0
10 0.08915671562500001 0 0.0755025390625 0.076296803125 0.181584196875 0.06843442968749999 0.18152273593749998 0 0.08915671562500001 0
10 0.6656641343749999 0.02324774375 0.6657627875000001 0.103967346875 0.7753806375 0.1131545125 0.788301621875 0.0466818109375 0.6656641343749999 0.02324774375
10 0.7753806375 0.1131545125 0.86225465 0.1340812390625 0.8838821250000001 0.0696030046875 0.7915311890625001 0.047611671875 0.7753806375 0.1131545125