6 0.396875 0.6265625 0.1328125 0.2390625
0 0.46171875 0.33984375 0.0671875 0.146875
1 0.321875 0.32109375 0.0984375 0.13125
5 0.390625 0.24765625 0.053125 0.078125
5 0.49375 0.21484375 0.06875 0.0875
5 0.65703125 0.28359375 0.0828125 0.090625
0 0.65546875 0.4484375 0.15 0.2015625
1 0.7796875 0.57890625 0.08125 0.1515625
6 0.778125 0.29609375 0.0515625 0.0984375
1 0.71015625 0.175 0.0609375 0.075
3 0.7140625 0.2234375 0.0375 0.0796875
0 0.7875 0.1546875 0.0390625 0.0640625
5 0.84609375 0.25859375 0.0796875 0.1015625
6 0.9421875 0.27890625 0.0875 0.1046875
3 0.9234375 0.4421875 0.115625 0.1734375
2 0.93125 0.07421875 0.05625 0.08125
2 0.81328125 0.040625 0.0484375 0.0328125
10 0.10859375 0.03984375 0.1453125 0.0796875
10 0.51953125 0.01328125 0.0859375 0.0265625
10 0.5953125 0.01171875 0.0578125 0.015625
8 0.32265625 0.0265625 0.3015625 0.053125
4 0.5296875 0.5234375 0.940625 0.953125