0 0.08203125 0.76171875 0.096875 0.134375
5 0.12109375 0.5375 0.0796875 0.1109375
3 0.2265625 0.58125 0.0984375 0.1515625
0 0.22890625 0.459375 0.096875 0.11875
1 0.3609375 0.48203125 0.06875 0.115625
1 0.38046875 0.35703125 0.0984375 0.125
3 0.5296875 0.75625 0.0984375 0.159375
6 0.53125 0.58359375 0.1234375 0.171875
0 0.5046875 0.42109375 0.1203125 0.1609375
5 0.57109375 0.31484375 0.08125 0.1140625
6 0.68203125 0.390625 0.0765625 0.1046875
6 0.7078125 0.26015625 0.103125 0.1203125
5 0.76796875 0.35546875 0.1265625 0.1515625
3 0.86015625 0.43046875 0.1453125 0.1765625
1 0.725 0.51015625 0.125 0.1796875
2 0.83125 0.04453125 0.1125 0.0890625
4 0.032967195312499996 0.7067151265625 0.06244371875 0.5179971640625001 0.11529850781249999 0.449999521875 0.7140760828125 0.19703589531250001 0.758293753125 0.195746140625 0.8581750078124999 0.27385099375 0.9874246796874999 0.38828565312499996 0.9709335390625 0.3107009390625 0.7411471140625 0.13654601093750002 0.042242071874999995 0.42295588906250003 0.0088726640625 0.5824850328125 0.032967195312499996 0.7067151265625
8 0.16027987187499998 0.156782446875 0.4870260375 0.0466263359375 0.475093684375 0.006590378125 0.148515246875 0.112497275 0.16027987187499998 0.156782446875
10 0 0.1358754125 0.03853755 0.2230455234375 0.1581667109375 0.17937230625 0.16433015625 0.1010267109375 0.148444075 0.06385839374999999 0 0.09550351875 0 0.1358754125
10 0.4677387140625 0 0.497843165625 0.070681340625 0.6023366390625 0.0363070640625 0.594619334375 0 0.4677387140625 0
10 0.59648388125 0 0.6023366390625 0.0363070640625 0.6904813125 0.021625835937499997 0.6887955125 0 0.59648388125 0