6 0.43359375 0.64921875 0.1515625 0.246875
0 0.42109375 0.35546875 0.078125 0.15
1 0.28203125 0.3734375 0.1078125 0.1375
5 0.32890625 0.284375 0.0578125 0.08125
5 0.4203125 0.22578125 0.0765625 0.0921875
5 0.5953125 0.25078125 0.0890625 0.096875
0 0.63671875 0.41015625 0.1640625 0.2109375
1 0.78984375 0.50390625 0.09375 0.1546875
6 0.715625 0.23125 0.059375 0.1
1 0.61875 0.13125 0.0671875 0.078125
3 0.63515625 0.17734375 0.04375 0.08125
0 0.68828125 0.0921875 0.0453125 0.0671875
5 0.771875 0.17734375 0.0859375 0.10625
6 0.86953125 0.171875 0.0953125 0.1109375
3 0.89375 0.334375 0.128125 0.18125
2 0.80625 0.009375 0.0625 0.01875
2 0.91640625 0.0296875 0.025 0.0515625
10 0.03671875 0.13671875 0.0734375 0.1328125
10 0.39296875 0.0234375 0.0859375 0.0375
10 0.465625 0.00703125 0.059375 0.0140625
8 0.203125 0.07421875 0.303125 0.1078125
4 0.5171875 0.5 0.965625 1