6 0.38046875 0.6109375 0.1625 0.25
0 0.484375 0.3359375 0.0859375 0.1515625
1 0.3484375 0.2984375 0.1140625 0.140625
5 0.4265625 0.234375 0.0625 0.0828125
5 0.53359375 0.21640625 0.0796875 0.09375
5 0.68515625 0.3078125 0.0921875 0.1
0 0.6609375 0.4703125 0.1734375 0.2171875
1 0.765625 0.61640625 0.1 0.1578125
6 0.80390625 0.33671875 0.0640625 0.1015625
1 0.75390625 0.20703125 0.0703125 0.08125
3 0.75078125 0.25546875 0.0484375 0.0828125
0 0.8328125 0.1984375 0.046875 0.0671875
5 0.87578125 0.309375 0.090625 0.109375
6 0.959375 0.34296875 0.08125 0.1140625
3 0.92734375 0.5015625 0.1359375 0.184375
2 0.9765625 0.13828125 0.046875 0.0859375
2 0.87421875 0.08828125 0.0515625 0.0390625
10 0.17890625 0.01953125 0.1578125 0.0390625
10 0.5875 0.01953125 0.0875 0.0390625
10 0.6625 0.0296875 0.059375 0.0234375
8 0.39296875 0.0265625 0.3015625 0.053125
4 0.5 0.50078125 1 0.9984375