0 0.0296875 0.56015625 0.059375 0.1359375
5 0.14140625 0.37421875 0.08125 0.1125
3 0.21796875 0.4578125 0.1015625 0.153125
0 0.27109375 0.3484375 0.0984375 0.11875
1 0.38203125 0.425 0.0703125 0.1171875
1 0.4515625 0.31953125 0.1 0.125
3 0.41875 0.7453125 0.1 0.159375
6 0.49296875 0.5890625 0.125 0.1734375
0 0.5375 0.43046875 0.121875 0.1609375
5 0.6421875 0.3625 0.0828125 0.1140625
6 0.7109375 0.47734375 0.078125 0.1046875
6 0.78984375 0.3703125 0.1046875 0.1203125
5 0.80390625 0.48203125 0.128125 0.1515625
3 0.85546875 0.5890625 0.146875 0.178125
1 0.69921875 0.6046875 0.1265625 0.18125
2 0.9765625 0.18828125 0.046875 0.1765625
4 1 0.5145645156249999 0.8721558 0.27251199375 0.117690675 0.2367174625 0.020027789062500002 0.367197446875 0 0.4473831296875 0 0.474127890625 0.0958334046875 0.3313916953125 0.1724731578125 0.2921023015625 0.8220569843750001 0.315893734375 0.862676878125 0.3334120140625 0.9201914984374999 0.44641069375000003 0.9889693062499999 0.6047469875 1 0.5569678046875 1 0.5145645156249999
8 0.337159009375 0.0453673296875 0.6798455859375 0.08362088437500001 0.6859511281249999 0.0422931546875 0.345212359375 0.0002593875 0.337159009375 0.0453673296875
10 0.1999024078125 0 0.1988190078125 0.0539715421875 0.325696946875 0.064947634375 0.3624398453125 0 0.1999024078125 0
10 0.10383631874999999 0 0.090548159375 0.061740164062500005 0.1968395875 0.057584776562499995 0.1987987140625 0 0.10383631874999999 0
10 0.6822016296875 0.029319764062499996 0.67948315 0.10999363749999999 0.7887135953125 0.1230008140625 0.803946571875 0.05701954218750001 0.6822016296875 0.029319764062499996
10 0.7887135953125 0.1230008140625 0.8748043546875 0.1469466515625 0.8986689125 0.083262484375 0.807141721875 0.058061546875 0.7887135953125 0.1230008140625