6 0.3921875 0.5 0.0734375 0.1171875
6 0.44375 0.31953125 0.096875 0.11875
0 0.2078125 0.59375 0.1484375 0.1953125
3 0.5609375 0.49296875 0.134375 0.1796875
6 0.2046875 0.81328125 0.1484375 0.1859375
5 0.30078125 0.42265625 0.0953125 0.109375
1 0.08828125 0.53671875 0.1296875 0.15625
2 0.7515625 0.0765625 0.134375 0.153125
10 0.3171875 0.07421875 0.1484375 0.115625
5 0.484375 0.42421875 0.1203125 0.153125
2 0.60546875 0.0390625 0.0921875 0.078125
10 0.42578125 0.040625 0.1046875 0.08125
8 0.14375 0.1546875 0.2875 0.16875
1 0.41953125 0.63828125 0.10625 0.1828125
3 0.16171875 0.98515625 0.1421875 0.0296875
11 0.009375 0.1265625 0.01875 0.103125
1 0.05390625 0.72109375 0.065625 0.1390625