2 0.96609216875 0.3494363828125 0.9385915812500001 0.357008753125 0.94027159375 0.36374691875 0.9492349843750001 0.3722476515625 0.99069190625 0.40127499687499996 0.9713287359375 0.32522823437500004 0.96609216875 0.3494363828125
2 0.7701700578125 0.2143493453125 0.7543453328124999 0.2025494078125 0.7181349359375 0.06700548437500001 0.7051232140625 0.06810255937500001 0.6962422453125 0.1955650171875 0.6834804875 0.20089399375 0.6835194312499999 0.20589421093750002 0.7158879812500001 0.22430486875 0.7701700578125 0.2143493453125
2 0.5988105499999999 0.0566769765625 0.5916132109375 0.0520301390625 0.5881037515624999 0.0750919671875 0.5878909218749999 0.1452840140625 0.58435066875 0.150460921875 0.5975263171874999 0.156480015625 0.6268789953125 0.14987727343749999 0.5988105499999999 0.0566769765625
2 0.530899990625 0.0442651203125 0.5321643046875 0.109078946875 0.529546021875 0.12118302031249999 0.5420496640625 0.124506846875 0.5630638625 0.11998312343749999 0.5374253234374999 0.046216690625 0.530899990625 0.0442651203125
2 0.52441994375 0.10385279375 0.5050875671874999 0.045690953125 0.49822623125 0.0423917484375 0.5002485890624999 0.1070165734375 0.52441994375 0.10385279375
2 0.3930365984375 0.11943344687499999 0.3718050375 0.0681864609375 0.36914780937499997 0.0752903171875 0.3734913921875 0.13146365468750001 0.3797196671875 0.13706780937500002 0.3833070140625 0.124006415625 0.3930365984375 0.11943344687499999
9 0.29944040625 0.041139643749999996 0.2940951578125 0.0374624359375 0.28617056875 0.050889520312500006 0.27772975 0.081622209375 0.26997723906250004 0.0892807578125 0.2685390390625 0.0996591984375 0.2615445703125 0.10712874531250001 0.256035396875 0.0963353703125 0.259395421875 0.10981169843750001 0.256105134375 0.1192205078125 0.25785488437500004 0.148843809375 0.26180087812499997 0.1678996734375 0.2680680953125 0.1785040453125 0.27960267499999997 0.1827851921875 0.33136065625 0.1691647734375 0.341559375 0.15517068437499998 0.3301352859375 0.1093511640625 0.3261811421875 0.1031800046875 0.336324615625 0.10995510312500001 0.333011684375 0.0885942890625 0.32804953281250004 0.0783802296875 0.30465252187499997 0.05558560312500001 0.29944040625 0.041139643749999996
2 0.14523605781249999 0.12181363593750001 0.1547528125 0.1874327140625 0.1641853375 0.18651232812500002 0.180948334375 0.1794700296875 0.15066734531249998 0.1226065765625 0.14523605781249999 0.12181363593750001
2 0.075838396875 0.1970884328125 0.0554817109375 0.160653096875 0.049714421875 0.158512525 0.0694298953125 0.2101375140625 0.0765022515625 0.2126684015625 0.0831607171875 0.20385122187500002 0.075838396875 0.1970884328125
10 0.05012242812499999 0.24572667343750002 0.07868626875 0.221428015625 0.038747242187499996 0.1225989390625 0.0032831218750000004 0.1385981765625 0.05012242812499999 0.24572667343750002
10 0 0.2305686328125 0.0169242890625 0.2740436109375 0.051388551562499996 0.24111677187499997 0 0.1314218609375 0 0.2305686328125
11 0.38478008125 0.12507054687500002 0.37929355 0.1450467953125 0.3858496765625 0.16488328593749998 0.46114595156249993 0.15040404062499999 0.450307828125 0.110164053125 0.38478008125 0.12507054687500002