6 0.39375 0.4828125 0.05625 0.109375
6 0.47265625 0.31328125 0.08125 0.10625
0 0.196875 0.546875 0.121875 0.178125
3 0.56171875 0.50234375 0.109375 0.1640625
6 0.159375 0.76328125 0.125 0.16875
5 0.315625 0.3921875 0.08125 0.0984375
1 0.0875 0.471875 0.109375 0.140625
2 0.81953125 0.09609375 0.10625 0.1921875
10 0.3859375 0.05078125 0.134375 0.096875
5 0.49609375 0.42265625 0.1 0.1390625
2 0.67890625 0.04765625 0.078125 0.0953125
10 0.4984375 0.034375 0.0953125 0.06875
8 0.171875 0.09921875 0.334375 0.1171875
1 0.39921875 0.62421875 0.08125 0.171875
3 0.084375 0.959375 0.13125 0.078125
11 0.03828125 0.0484375 0.0765625 0.0921875
1 0.025 0.6484375 0.0453125 0.134375