2 0.975459578125 0.3823160953125 0.9474977593749999 0.387951675 0.94870365 0.39479061875 0.9570522234375 0.4038958984375 0.9963833140625 0.43574442343750003 0.982372065625 0.3585322 0.975459578125 0.3823160953125
2 0.78943791875 0.23389128750000002 0.7744748640625 0.2210162171875 0.747807740625 0.0832765609375 0.7347511859375 0.0834633125 0.7170005203125001 0.209995771875 0.70389811875 0.2144215515625 0.7035881703125 0.21941230625000002 0.734593609375 0.24003603281250002 0.78943791875 0.23389128750000002
2 0.629494503125 0.0646495640625 0.62263884375 0.0595119859375 0.6175292203125 0.082272828125 0.6124205609375 0.1522790453125 0.6085278078125 0.15719638593750002 0.621251490625 0.16411990468749998 0.65099325 0.1595807859375 0.629494503125 0.0646495640625
2 0.562615178125 0.0475307421875 0.559355228125 0.112274878125 0.5558989859375 0.12416682500000001 0.5681403125 0.12835476562499998 0.5894188796875001 0.1253079375 0.56898848125 0.04993274375 0.562615178125 0.0475307421875
2 0.5519942906249999 0.1065212375 0.5367661703125 0.0471525171875 0.5301516890625 0.043382728125 0.527661121875 0.1079912015625 0.5519942906249999 0.1065212375
2 0.4198441359375 0.11289909843749998 0.402239103125 0.06029590781250001 0.3990928078125 0.0671971015625 0.39950735625 0.12353659531250001 0.40532953281250006 0.1295615625 0.409819259375 0.1167822265625 0.4198441359375 0.11289909843749998
9 0.3319374390625 0.028267075000000003 0.3268617203125 0.024225959375 0.318019809375 0.03706754375 0.3074557484375 0.06713656875 0.2991878890625 0.07423567343750001 0.2970292296875 0.0844885078125 0.28953075 0.09145195 0.284787903125 0.0803005671875 0.28719968281249997 0.0939784515625 0.28326108437499997 0.103134821875 0.2829401546875 0.13280801874999998 0.285547265625 0.152092721875 0.29105949375 0.1631084421875 0.3022673375 0.168183771875 0.3548493515625 0.1582069859375 0.36599940468750003 0.1449584125 0.357799353125 0.0984536015625 0.35428531875 0.0920216484375 0.3639314765625 0.0994878140625 0.3621166703125 0.0779479375 0.35787910312500004 0.0674126171875 0.336129159375 0.0430414234375 0.3319374390625 0.028267075000000003
2 0.1724811921875 0.097987796875 0.17739740937499998 0.1641108859375 0.186871159375 0.163850721875 0.20408456875 0.15799490624999998 0.1778439359375 0.09915767343750001 0.1724811921875 0.097987796875
2 0.0980016765625 0.1682382921875 0.080236178125 0.13047170156250001 0.07463225625 0.12793403750000001 0.090698528125 0.1808085515625 0.0975771109375 0.18382661718749999 0.1048344125 0.1754953859375 0.0980016765625 0.1682382921875
10 0.06895551875 0.2149641984375 0.09914476718750001 0.19271724375 0.066196996875 0.091342903125 0.029703215625 0.104829315625 0.06895551875 0.2149641984375
10 0 0.13197655625 0.0338629578125 0.2408963703125 0.070540128125 0.2104538453125 0.026717385937499998 0.096893909375 0 0.1084196453125 0 0.13197655625
10 0 0.267817721875 0.0325653734375 0.242535484375 0 0.139250053125 0 0.267817721875
11 0.41121450781249996 0.1179465203125 0.40434786875000006 0.1374913875 0.40950430156250006 0.1577368890625 0.4856271796875 0.1485453171875 0.4776224578125 0.107647321875 0.41121450781249996 0.1179465203125