2 1 0.4541505078125 0.9891791953125001 0.47520024375 0.96065579375 0.475396915625 0.9605345953125 0.482340303125 0.9669924140624999 0.492871278125 0.999523896875 0.5316393796875001 1 0.49347819687500005 1 0.4541505078125
2 0.834896065625 0.29400781249999997 0.822664603125 0.27851420781249997 0.8227693953124999 0.138216890625 0.8099170921875001 0.13590890312499998 0.768349025 0.2567296171875 0.754642871875 0.258574028125 0.7533863375000001 0.26341394687499997 0.779886928125 0.2895748734375 0.834896065625 0.29400781249999997
2 0.710184103125 0.09735689374999999 0.7044346984375001 0.0910055859375 0.6950759796875 0.1123732859375 0.6767033640625 0.1801185125 0.671943859375 0.1842027359375 0.683112703125 0.1934268421875 0.713174128125 0.1946461171875 0.710184103125 0.09735689374999999
2 0.647799965625 0.06779141562499999 0.632246146875 0.1307239921875 0.6265843140625 0.14173796875 0.6378016359374999 0.14818472031250002 0.65927061875 0.1492540140625 0.6535978499999999 0.07136536875 0.647799965625 0.06779141562499999
2 0.6261182953125 0.12367152968749999 0.6224980453125 0.0624879171875 0.6167244015625 0.0575252875 0.6019517140625 0.1204714984375 0.6261182953125 0.12367152968749999
2 0.495179159375 0.10471677187499999 0.4879347421875 0.049720853125 0.48352944375 0.055894909375 0.47318629375 0.11127838906250001 0.47775188281250003 0.1183035828125 0.48459753125000005 0.10661571875 0.495179159375 0.10471677187499999
9 0.420754315625 0 0.409694975 0.010849459375 0.39358756562499997 0.0383503140625 0.3841170359375 0.043741406249999996 0.3800417046875 0.053393975 0.37135230625000004 0.0587987015625 0.3688243828125 0.046947223437500005 0.3685819875 0.0608339953125 0.362968634375 0.06907061875 0.3569916890625 0.0981373984375 0.3558712046875 0.1175652484375 0.35918025937500003 0.1294303609375 0.36921376562499997 0.136551 0.422733359375 0.13679063593750002 0.4362065015625 0.1259130078125 0.43703064375 0.078697978125 0.4348084484375 0.0717136875 0.4428527671875 0.080883253125 0.44518130625 0.059392842187499996 0.44303182812499997 0.048242520312499995 0.42633173593749996 0.020169009374999998 0.42503610781249995 0.0048662890625 0.420883665625 0 0.420754315625 0
2 0.2552061796875 0.042880359374999996 0.2474151921875 0.1087266375 0.256764525 0.11027893124999999 0.27477901718750003 0.10781517656249999 0.260247171875 0.0450520015625 0.2552061796875 0.042880359374999996
2 0.1686906359375 0.09762879375 0.1584577453125 0.057166264062500007 0.1534409921875 0.0536059453125 0.1591231484375 0.1085745953125 0.165299478125 0.11284970624999999 0.174013115625 0.10605630156250001 0.1686906359375 0.09762879375
10 0.1312624140625 0.13795394375 0.16514192187500001 0.121876109375 0.15214263125 0.0160775703125 0.1137460140625 0.022352857812499998 0.1312624140625 0.13795394375
10 0.0918665109375 0.15671369375 0.133678525 0.1338288171875 0.1123291890625 0.013993523437499999 0.07703285625 0.0217120265625 0.0918665109375 0.15671369375
10 0.039827075 0.1835873515625 0.090280009375 0.1580751015625 0.0753736359375 0.027239465624999997 0.0242122890625 0.0485720484375 0.039827075 0.1835873515625
10 0.0059233296875 0.2010538640625 0.0367510296875 0.1807554578125 0.0203308734375 0.0471151984375 0.0086623875 0.0441333234375 0.0059233296875 0.2010538640625
11 0.4857449890625 0.1080248484375 0.475275171875 0.1259004046875 0.4764738421875 0.14675783281250002 0.5529519640625 0.152260065625 0.5528980156250001 0.11058610937499999 0.4857449890625 0.1080248484375