6 0.4 0.459375 0.0796875 0.1203125
6 0.515625 0.31171875 0.103125 0.121875
0 0.19375 0.47734375 0.159375 0.2015625
3 0.559375 0.51640625 0.14375 0.184375
6 0.10859375 0.6796875 0.159375 0.1921875
5 0.34453125 0.353125 0.1 0.1140625
1 0.1046875 0.3796875 0.1390625 0.1625
2 0.90234375 0.178125 0.1453125 0.2109375
10 0.4890625 0.04921875 0.153125 0.0984375
5 0.51328125 0.4234375 0.128125 0.1578125
2 0.77578125 0.09921875 0.0984375 0.1109375
10 0.603125 0.04609375 0.1078125 0.0875
8 0.26953125 0.06484375 0.3515625 0.1296875
1 0.37421875 0.5984375 0.1171875 0.1859375
3 0.03203125 0.85390625 0.0640625 0.1046875
1 0.0203125 0.5375 0.040625 0.140625