2 0.090625 0.04140625 0.05 0.0828125
10 0.54765625 0.0125 0.0796875 0.025
10 0.934375 0.16484375 0.13125 0.2046875
8 0.74375 0.078125 0.33125 0.1375
0 0.21875 0.17421875 0.0453125 0.08125
3 0.25703125 0.365625 0.0625 0.0984375
3 0.31328125 0.18671875 0.0671875 0.0859375
5 0.32265625 0.13046875 0.0421875 0.05625
0 0.37890625 0.1515625 0.0421875 0.084375
1 0.38671875 0.221875 0.0484375 0.0796875
1 0.48125 0.19140625 0.0734375 0.0921875
0 0.4625 0.28125 0.075 0.1140625
1 0.3546875 0.334375 0.0578125 0.1171875
1 0.4484375 0.459375 0.0875 0.153125
6 0.54765625 0.40546875 0.0484375 0.0921875
5 0.5859375 0.29921875 0.0671875 0.1140625
3 0.58515625 0.59453125 0.128125 0.184375
5 0.640625 0.47890625 0.1125 0.1484375
6 0.72734375 0.415625 0.103125 0.153125
4 0.8534263734374999 1 0.9387934015624999 0.40831796562499995 0.365468521875 0.0551732484375 0.049815917187499996 0.21394754374999997 0.058567282812499996 0.26627719375000003 0.34222379531249997 0.11502814531250001 0.3715252203125 0.11078985 0.8512713765625 0.424862165625 0.8893848890625 0.478607240625 0.785034446875 1 0.8534263734374999 1