2 0.0140625 0.121875 0.028125 0.09375
2 0.16875 0.028125 0.05625 0.046875
10 0.45390625 0.01015625 0.078125 0.01875
10 0.896875 0.08515625 0.178125 0.1703125
10 0.97109375 0.096875 0.0453125 0.19375
8 0.6578125 0.04140625 0.321875 0.0828125
0 0.16171875 0.234375 0.034375 0.078125
3 0.2359375 0.41484375 0.05 0.09375
3 0.25703125 0.228125 0.05625 0.078125
5 0.25546875 0.17109375 0.0359375 0.0515625
0 0.31484375 0.18125 0.0296875 0.08125
1 0.33515625 0.24921875 0.0375 0.075
1 0.42265625 0.20078125 0.0609375 0.084375
0 0.42109375 0.29296875 0.059375 0.10625
1 0.32578125 0.365625 0.040625 0.1125
1 0.44140625 0.46953125 0.0671875 0.1453125
6 0.52890625 0.39765625 0.0359375 0.0890625
5 0.54609375 0.28671875 0.0515625 0.1078125
3 0.6015625 0.5765625 0.103125 0.171875
5 0.634375 0.45234375 0.0921875 0.1359375
6 0.70703125 0.3734375 0.08125 0.14375
4 0.02208123125 0.3548006734375 0.2716664953125 0.15220628125 0.299620865625 0.14245487968749998 0.8304805562500001 0.3592169203125 0.8781488609375 0.40470214687499995 0.874885578125 0.9935325125000001 0.945696240625 0.9922965078124999 0.9132377734375 0.32627669375 0.2830632984375 0.08901578437499999 0.0035056859375 0.3051023046875 0.02208123125 0.3548006734375