2 0.115625 0.03203125 0.053125 0.0640625
10 0.57265625 0.01484375 0.0796875 0.0296875
10 0.940625 0.18984375 0.11875 0.2109375
8 0.76484375 0.09140625 0.33125 0.153125
0 0.2359375 0.16015625 0.05 0.0828125
3 0.2640625 0.353125 0.0671875 0.1
3 0.3296875 0.17734375 0.0703125 0.0875
5 0.3421875 0.121875 0.0453125 0.0578125
0 0.39765625 0.14609375 0.0453125 0.0859375
1 0.40078125 0.21640625 0.0515625 0.08125
1 0.49765625 0.190625 0.0765625 0.09375
0 0.47421875 0.2796875 0.0796875 0.115625
1 0.36328125 0.32734375 0.0640625 0.11875
1 0.45078125 0.45625 0.0953125 0.1546875
6 0.55234375 0.4078125 0.053125 0.09375
5 0.596875 0.30390625 0.071875 0.115625
3 0.5796875 0.5984375 0.1359375 0.1875
5 0.6421875 0.4859375 0.1171875 0.1515625
6 0.73125 0.42734375 0.109375 0.15625
4 0.830304040625 1 0.9429903171875 0.43140828437499995 0.3889333265625 0.048742034375 0.0654037078125 0.1907787546875 0.0714043578125 0.2434946984375 0.3625878921875 0.10729836718750001 0.3920709765625 0.10459939843749999 0.85472238125 0.44334926250000006 0.8899708609375001 0.4990153890625 0.7621082484375 1 0.830304040625 1