6 0.53046875 0.4421875 0.1234375 0.1625
1 0.42890625 0.2359375 0.06875 0.071875
6 0.5375 0.26875 0.053125 0.0796875
3 0.5234375 0.340625 0.0953125 0.0796875
5 0.87265625 0.33125 0.065625 0.06875
1 0.57734375 0.22734375 0.0578125 0.06875
6 0.63359375 0.221875 0.034375 0.04375
5 0.64765625 0.3515625 0.0984375 0.1203125
3 0.66328125 0.275 0.065625 0.0734375
0 0.77265625 0.278125 0.06875 0.0796875
0 0.82734375 0.25703125 0.0375 0.0484375
0 0.8625 0.2859375 0.0515625 0.053125
5 0.46796875 0.21171875 0.0453125 0.0640625
4 1 0.356528978125 0.8239051843749999 0.201713909375 0.31099115781250003 0.159224028125 0.23404535 0.5236207562499999 0.27160748125 0.517551140625 0.32374778125 0.22634784375 0.35482199062499997 0.21208265937499998 0.445666746875 0.2097669484375 0.4509726625 0.1796756015625 0.4847795828125 0.181405728125 0.478991309375 0.214232653125 0.5495331890624999 0.2280814046875 0.5580661140625 0.1886868609375 0.6088911109375 0.20187962499999998 0.6027699656250001 0.22759628125 0.6161364687499999 0.2327737875 0.6216835640625 0.20131464999999998 0.6526541375 0.2011343390625 0.6491281609375 0.230129221875 0.71328575625 0.22169753281250001 0.737768409375 0.2133216515625 0.739295228125 0.23615590625 0.8092630578125 0.244262178125 0.811916015625 0.22921650468750002 0.8463428328125 0.24092814062499998 0.842483984375 0.26281275625 0.8505565125000001 0.2755186796875 0.8580210890625001 0.2556801640625 0.8853281453124999 0.271777653125 0.8800222281250001 0.30186900156249996 1 0.41127385624999996 1 0.356528978125
8 0.48515625 0.0640625 0.240625 0.06875
10 0.209375 0.040625 0.134375 0.08125
10 0.315625 0.04453125 0.128125 0.0890625
10 0.63828125 0.0671875 0.1109375 0.115625
10 0.7171875 0.07734375 0.06875 0.1