8 0.35546875 0.55859375 0.2375 0.1421875
10 0.45625 0.4421875 0.125 0.159375
10 0.51953125 0.41640625 0.075 0.1359375
7 0.34296875 0.4828125 0.0859375 0.0625
10 0.17578125 0.57734375 0.1875 0.2390625
10 0.07578125 0.62578125 0.1515625 0.2546875
4 0.60859375 0.70390625 0.59375 0.540625
6 0.47578125 0.68828125 0.05625 0.0828125
3 0.5703125 0.71171875 0.0609375 0.1015625
0 0.509375 0.63984375 0.04375 0.059375
0 0.63671875 0.62734375 0.0671875 0.0796875
0 0.575 0.65859375 0.0390625 0.0578125
3 0.584375 0.6046875 0.0296875 0.0515625
3 0.57890625 0.5703125 0.0390625 0.053125
5 0.61015625 0.540625 0.04375 0.05
1 0.64609375 0.50703125 0.0359375 0.040625
1 0.7515625 0.51953125 0.0515625 0.059375
6 0.6921875 0.51484375 0.0359375 0.04375
6 0.665625 0.52734375 0.0203125 0.0328125
2 0.5953125 0.41953125 0.0578125 0.09375
2 0.70546875 0.403125 0.0671875 0.1015625
2 0.8546875 0.3875 0.0796875 0.121875
5 0.6828125 0.5578125 0.0484375 0.0609375
5 0.6828125 0.59765625 0.0328125 0.0546875
1 0.63046875 0.5765625 0.0296875 0.04375