6 0.52890625 0.440625 0.11875 0.159375
1 0.4203125 0.23828125 0.0671875 0.0703125
6 0.5296875 0.2671875 0.0515625 0.078125
3 0.51796875 0.33984375 0.09375 0.078125
5 0.86640625 0.31796875 0.0640625 0.0671875
1 0.56796875 0.225 0.05625 0.0671875
6 0.62421875 0.21796875 0.0328125 0.0421875
5 0.6421875 0.34609375 0.0953125 0.11875
3 0.65546875 0.26953125 0.0640625 0.071875
0 0.7640625 0.26875 0.065625 0.078125
0 0.81875 0.24609375 0.0359375 0.0484375
0 0.8546875 0.2734375 0.05 0.053125
5 0.45859375 0.21328125 0.04375 0.0625
4 1 0.34351735 0.813297834375 0.1905914890625 0.2992133859375 0.1660279328125 0.235031715625 0.5328880500000001 0.27235913749999996 0.5255112328125 0.31430482656250003 0.2326656578125 0.34486225937500004 0.217324690625 0.43557085781250005 0.211839953125 0.43982336875000005 0.18158176406249998 0.47367007499999997 0.1821309921875 0.469030971875 0.215139928125 0.5400131921875 0.2265183671875 0.5471660703125 0.1868500265625 0.5984205265625 0.1982609859375 0.593200609375 0.224175603125 0.6067396609375 0.22888346875 0.61118546875 0.1972499046875 0.6421308828125001 0.195988846875 0.6396189609375 0.2250891234375 0.7034432125000001 0.2144235015625 0.7276186375 0.205198290625 0.7299414296875 0.22796535 0.8001495421874999 0.23362484218750001 0.802275796875 0.218495746875 0.837090371875 0.22899876875 0.8339976359374999 0.251004725 0.842508678125 0.26342118281250004 0.849276353125 0.2433342421875 0.8771285687500001 0.258468921875 0.87287605625 0.2887271125 1 0.3967687109375 1 0.34351735
8 0.46953125 0.06484375 0.2421875 0.0609375
10 0.1921875 0.0453125 0.13125 0.090625
10 0.3 0.046875 0.125 0.09375
10 0.62265625 0.0625 0.1078125 0.1125
10 0.70234375 0.0703125 0.065625 0.0984375