6 0.53359375 0.44375 0.1296875 0.165625
1 0.44296875 0.2328125 0.071875 0.075
6 0.55 0.27109375 0.05625 0.08125
3 0.53125 0.3421875 0.0984375 0.084375
5 0.88125 0.35078125 0.06875 0.0703125
1 0.59140625 0.23203125 0.0609375 0.0703125
6 0.6484375 0.2296875 0.0359375 0.04375
5 0.65546875 0.359375 0.103125 0.1234375
3 0.675 0.28359375 0.06875 0.075
0 0.78359375 0.29296875 0.071875 0.0828125
0 0.83984375 0.27421875 0.0390625 0.05
0 0.87265625 0.30546875 0.053125 0.05625
5 0.48359375 0.2109375 0.0484375 0.065625
4 1 0.376230059375 0.8390723703124999 0.21907458750000003 0.3290850234375 0.14979909062500002 0.2331736171875 0.5096693937500001 0.27100192968750003 0.505573946875 0.3383111765625 0.2174985453125 0.3700893828125 0.20487920937499998 0.46093083281249997 0.2073211203125 0.4678043359375 0.1775487015625 0.5014743765625 0.18104577500000002 0.493976009375 0.2135247765625 0.5636964250000001 0.2310464265625 0.5742794078125 0.1921524515625 0.62434429375 0.20798710781250002 0.6168856328125 0.233348165625 0.629962846875 0.2392181234375 0.637148784375 0.20809241250000002 0.66808635 0.20953322343749997 0.66304773125 0.23830383593749999 0.72755868125 0.23324145000000002 0.752446140625 0.22615837187499999 0.752775815625 0.249041240625 0.82222350625 0.26079823593749996 0.825660259375 0.24591202812500002 0.8594269546875 0.259409371875 0.8544280421874999 0.281062040625 0.8618245328125 0.29417303437500003 0.8703171453125 0.274752371875 0.8967443015625 0.292256940625 0.8898707968749999 0.322029359375 1 0.43355490625000004 1 0.376230059375
8 0.5078125 0.0640625 0.240625 0.08125
10 0.2359375 0.034375 0.140625 0.06875
10 0.340625 0.04140625 0.134375 0.0828125
10 0.6609375 0.075 0.1140625 0.11875
10 0.7390625 0.0890625 0.071875 0.1015625