8 0.34375 0.5 0.2328125 0.1203125
10 0.48046875 0.43046875 0.1125 0.1515625
10 0.54921875 0.4296875 0.0625 0.134375
7 0.3609375 0.425 0.0828125 0.05625
10 0.1703125 0.45078125 0.16875 0.2296875
10 0.06171875 0.45546875 0.1234375 0.2484375
4 0.52421875 0.7296875 0.559375 0.4984375
6 0.40703125 0.665625 0.05 0.0796875
3 0.4859375 0.72265625 0.0515625 0.0984375
0 0.45625 0.63359375 0.0390625 0.0578125
0 0.57890625 0.66875 0.0609375 0.075
0 0.51015625 0.675 0.034375 0.05625
3 0.5390625 0.62890625 0.025 0.0515625
3 0.546875 0.59453125 0.034375 0.05
5 0.58671875 0.578125 0.0390625 0.046875
1 0.6328125 0.5609375 0.0328125 0.0390625
1 0.72578125 0.6125 0.046875 0.05625
6 0.67265625 0.5859375 0.0328125 0.040625
6 0.64296875 0.5875 0.01875 0.03125
2 0.61796875 0.4609375 0.0484375 0.090625
2 0.7265625 0.48671875 0.0578125 0.0984375
2 0.87109375 0.528125 0.0703125 0.11875
5 0.64765625 0.621875 0.04375 0.0578125
5 0.6328125 0.659375 0.028125 0.053125
1 0.5921875 0.61953125 0.0265625 0.0421875