8 0.35078125 0.54609375 0.2328125 0.1234375
10 0.4609375 0.4390625 0.1140625 0.153125
10 0.5265625 0.41796875 0.0640625 0.134375
7 0.34453125 0.46953125 0.0828125 0.05625
10 0.1703125 0.54921875 0.171875 0.23125
10 0.06640625 0.5875 0.1328125 0.25
4 0.590625 0.7125 0.565625 0.50625
6 0.459375 0.68515625 0.0515625 0.0796875
3 0.5515625 0.7171875 0.053125 0.1
0 0.496875 0.640625 0.040625 0.0578125
0 0.625 0.63828125 0.0609375 0.0765625
0 0.5609375 0.6640625 0.034375 0.05625
3 0.575 0.61171875 0.0265625 0.0515625
3 0.57265625 0.57734375 0.0359375 0.0515625
5 0.60625 0.55 0.040625 0.0484375
1 0.64453125 0.51953125 0.0328125 0.0390625
1 0.7484375 0.54140625 0.046875 0.05625
6 0.68984375 0.53125 0.034375 0.0421875
6 0.6625 0.54140625 0.01875 0.03125
2 0.6015625 0.428125 0.05 0.0921875
2 0.71328125 0.42109375 0.059375 0.1
2 0.8625 0.41875 0.071875 0.11875
5 0.6765625 0.5734375 0.04375 0.0578125
5 0.6734375 0.61328125 0.0296875 0.053125
1 0.62265625 0.5875 0.0265625 0.0421875