3 0.420289840625 0.52467800625 0.4054346515625 0.480827071875 0.3393906875 0.449101359375 0.310880671875 0.5259358390625 0.3245696109375 0.598095521875 0.39505485625 0.6150557875 0.420289840625 0.52467800625
5 0.43894279999999997 0.42128069687499997 0.42646344531249997 0.37102688906250003 0.3744074359375 0.3491388609375 0.34858364062499997 0.4215301671875 0.36361000468750004 0.4593274125 0.4162867859375 0.4851348390625 0.43894279999999997 0.42128069687499997
6 0.4891776765625 0.274712978125 0.43695049218750004 0.2588786390625 0.42503935937500004 0.3049600828125 0.4318358875 0.362140540625 0.49084822656249993 0.3708736375 0.5013466453125 0.3230070875 0.4891776765625 0.274712978125
5 0.33302101875 0.273330590625 0.3053874578125 0.2415478484375 0.28992286875 0.2580592140625 0.2990952296875 0.3088367984375 0.3270711375 0.3285121640625 0.3470842640625 0.319315815625 0.33302101875 0.273330590625
6 0.32784249062500004 0.40472665 0.3109538140625 0.355171209375 0.2813620578125 0.353831503125 0.2803350171875 0.3901536390625 0.29140165625000003 0.438622340625 0.32447157656250003 0.4333845796875 0.32784249062500004 0.40472665
1 0.26078286093749997 0.473604771875 0.24262067968749998 0.43027761406250004 0.214783984375 0.4186156375 0.182485415625 0.500067884375 0.20533534687500002 0.558723453125 0.23730293750000003 0.553660284375 0.26078286093749997 0.473604771875
0 0.2220279609375 0.2788570078125 0.1719415171875 0.29080764062500003 0.17291600468749999 0.34690135781250003 0.1869792515625 0.392886584375 0.239783875 0.3624257 0.2386382125 0.312385671875 0.2220279609375 0.2788570078125
6 0.13768475468750002 0.402702925 0.12217683125 0.36899967031249997 0.089106909375 0.37423743125 0.0866032328125 0.436908615625 0.1083827921875 0.481671696875 0.13814572187500002 0.47695771249999996 0.13768475468750002 0.402702925
3 0.042167656250000005 0.455999675 0.016193278125 0.45609589531249994 0.010617703124999999 0.48510300937500006 0.029058310937499998 0.5444569453125 0.0607155171875 0.537434078125 0.06818536562500001 0.5061180796875 0.042167656250000005 0.455999675
1 0.1319058640625 0.2798523421875 0.108171190625 0.27783021093750004 0.10077937968749999 0.300970025 0.1182558890625 0.3456089484375 0.138183659375 0.3482340328125 0.1541009375 0.3214313859375 0.1319058640625 0.2798523421875
1 0.228895171875 0.22286514531249998 0.2073779203125 0.2019915453125 0.17016538125 0.2298544984375 0.177785728125 0.2656480859375 0.20275257500000002 0.283662790625 0.24220747656250002 0.26585108125 0.228895171875 0.22286514531249998
3 0.0847819734375 0.3231602984375 0.0662952765625 0.2844627046875 0.048012175000000004 0.2757957984375 0.022263675 0.3226558234375 0.0373993 0.36072790625 0.052171076562499995 0.3595445546875 0.0847819734375 0.3231602984375
0 0.10132064375000001 0.2222581671875 0.0853600296875 0.2282548796875 0.0909968 0.25973756875 0.10188808906249999 0.2915442890625 0.1217725234375 0.2733634390625 0.12307828125 0.2569688953125 0.10132064375000001 0.2222581671875
5 0.0443773828125 0.240527228125 0.0294886875 0.253291765625 0.0431950890625 0.28234008125 0.0610775484375 0.26794511249999997 0.0443773828125 0.240527228125
4 0 0.278136396875 0.07171393125 0.200212584375 0.6157745375 0.26068858281249996 0.6118418546875 0.8137477890625 0.6375697687499999 0.7835577140625001 0.6294450359375 0.61810921875 0.6536963124999999 0.61426819375 0.6364723578125 0.22727747968749998 0.0648215234375 0.1852333578125 0 0.2703564421875 0 0.278136396875