4 0.9277288828125 0.42904335624999995 0.928890309375 0.41799311406250006 0.9233493625 0.40344534374999996 0.9077588796875 0.394824021875 0.37728446875 0.3446550703125 0.372426390625 0.3385583109375 0.3718886984375 0.328726021875 0.40249974843749997 0.2467544765625 0.4133612203125 0.20320680625 0.4195608703125 0.15916915781250002 0.45700336249999995 0.0346229109375 0.49672294375000003 0.030418370312499998 0.6010332109375 0.046967978125 0.644202109375 0.04731559375 0.6203553109375 0.0350334203125 0.4444186046875 0.012352109375 0.4368451578125 0.017142265625 0.43068852968750004 0.045822503125000004 0.42045079531249996 0.068487640625 0.4125950484375 0.09838583281249999 0.37155000625 0.19741573125 0.35816793750000003 0.23837091093749999 0.35386038750000004 0.262745534375 0.342485125 0.287929021875 0.3286902234375 0.3361338484375 0.325063665625 0.3425101296875 0.3199048625 0.36158954374999996 0.318339571875 0.35987331562499997 0.3065452109375 0.3749266359375 0.30830346406250003 0.403042221875 0.3164656796875 0.41507241875 0.458360875 0.432779284375 0.897878690625 0.46640561406250003 0.9090466312500001 0.46478633281250004 0.9127782468750001 0.444230453125 0.9277288828125 0.42904335624999995
6 0.75859375 0.3171875 0.0796875 0.08125
0 0.59765625 0.23359375 0.0671875 0.0859375
1 0.5515625 0.27578125 0.0453125 0.1140625
5 0.475 0.228125 0.05 0.0515625
3 0.47421875 0.16875 0.0609375 0.05625
0 0.70078125 0.203125 0.0640625 0.0796875
3 0.71015625 0.1328125 0.0484375 0.0515625
1 0.75703125 0.2015625 0.0375 0.0484375
1 0.50546875 0.08828125 0.0484375 0.05
5 0.5828125 0.14609375 0.03125 0.0453125
0 0.50234375 0.03984375 0.01875 0.021875
3 0.55703125 0.103125 0.0203125 0.0390625
6 0.61953125 0.1171875 0.034375 0.059375
5 0.603125 0.08203125 0.0453125 0.0515625
2 0.94375 0.09609375 0.046875 0.1