4 0.91796875 0.384722221875 0.91796875 0.3736111109375 0.9109375 0.35972222187499997 0.89453125 0.352777778125 0.36171875 0.3583333328125 0.35625 0.352777778125 0.3546875 0.34305555625 0.3765625 0.25833333281250004 0.3828125 0.2138888890625 0.384375 0.16944444375 0.40859375 0.0416666671875 0.44765625 0.0333333328125 0.553125 0.0388888890625 0.59609375 0.034722221875 0.57109375 0.025 0.39375 0.0208333328125 0.38671875 0.026388889062499997 0.38359375 0.055555556250000006 0.37578125 0.0791666671875 0.37109375 0.109722221875 0.340625 0.2125 0.33159722187499996 0.2546296296875 0.3298611109375 0.2793209875 0.3211805546875 0.30555555624999997 0.3125 0.354938271875 0.3095598109375 0.3616587015625 0.3064236109375 0.3811728390625 0.3046875 0.3796296296875 0.29453125 0.3958333328125 0.29921875 0.4236111109375 0.30859375 0.434722221875 0.4515625 0.4375 0.8921875 0.425 0.903125 0.42222222187499997 0.9046875 0.40138888906250003 0.91796875 0.384722221875
6 0.73828125 0.29140625 0.071875 0.075
0 0.56953125 0.225 0.059375 0.08125
1 0.528125 0.271875 0.034375 0.1109375
5 0.446875 0.23203125 0.04375 0.046875
3 0.43984375 0.1734375 0.05625 0.05
0 0.66875 0.18359375 0.05625 0.075
3 0.6703125 0.11328125 0.04375 0.046875
1 0.72421875 0.1765625 0.034375 0.04375
1 0.4625 0.08984375 0.04375 0.046875
5 0.5453125 0.1390625 0.0265625 0.04375
0 0.45390625 0.0421875 0.0171875 0.0203125
3 0.51484375 0.09921875 0.015625 0.0375
6 0.57890625 0.10703125 0.028125 0.05625
5 0.55859375 0.0734375 0.040625 0.046875
2 0.89921875 0.0515625 0.0375 0.096875