3 0.421199646875 0.5274448171875 0.40482313124999997 0.48413903437499994 0.3377121890625 0.45473755000000005 0.3119010265625 0.532520209375 0.3280999625 0.604158196875 0.39913417500000004 0.61864823125 0.421199646875 0.5274448171875
5 0.43623273124999995 0.4234595171875 0.42200714531249994 0.3736718453125 0.369218965625 0.353613878125 0.34593732187500004 0.4268623234375 0.3622736359375 0.46411213125 0.41581899531250005 0.48806544374999994 0.43623273124999995 0.4234595171875
6 0.481321865625 0.2752279109375 0.4285738875 0.26122591875 0.418278228125 0.307694984375 0.4270661859375 0.36460341406249996 0.48634735781250005 0.371271690625 0.4951688609375 0.323067909375 0.481321865625 0.2752279109375
5 0.3252120890625 0.2792961546875 0.2964861609375 0.2484971703125 0.28160722968749996 0.265538184375 0.292546115625 0.315964725 0.321191640625 0.33465175937499997 0.340871628125 0.324762565625 0.3252120890625 0.2792961546875
6 0.324622371875 0.41079289843750005 0.3060145234375 0.36185705156250003 0.27639403906250004 0.3615509 0.2766352484375 0.39788675156250003 0.2893866796875 0.4459397078125 0.322253659375 0.4395510140625 0.324622371875 0.41079289843750005
1 0.2600074046875 0.481969409375 0.24034419062499998 0.4393024953125 0.21211745781250002 0.42861911093750005 0.18268120625 0.5111489421875001 0.20756426718749998 0.5689713281250001 0.2393356828125 0.5627955906250001 0.2600074046875 0.481969409375
0 0.21447951562499998 0.28869280625 0.16484065312500001 0.30238415 0.16777219062499998 0.35840968906250004 0.18343173125 0.4038761015625 0.23514111875000002 0.37159091875 0.23224978125 0.32162135625 0.21447951562499998 0.28869280625
6 0.1345098484375 0.41540681562500004 0.11783514531249999 0.38226530937500003 0.08496816406249999 0.3886540046875 0.08465320625 0.45137438906250005 0.10798170625 0.4953501046875 0.1375619890625 0.48960028125 0.1345098484375 0.41540681562500004
3 0.0409109671875 0.472004596875 0.01495576875 0.4730072515625 0.0103959234375 0.5021912796875 0.030896720312499997 0.560865490625 0.062289546875000004 0.55274208125 0.068661934375 0.521184465625 0.0409109671875 0.472004596875
1 0.12444705468749999 0.29283275 0.10065626875 0.291640178125 0.094076528125 0.3150238671875 0.11310026718749999 0.3590256765625 0.1331075125 0.3609536921875 0.14807969375000002 0.3336118671875 0.12444705468749999 0.29283275
1 0.2193884546875 0.23249539062500002 0.1971558328125 0.212385446875 0.160938365625 0.2415301265625 0.1698032484375 0.2770359625 0.195383590625 0.2941683625 0.23419283750000003 0.27499054843750004 0.2193884546875 0.23249539062500002
3 0.078863296875 0.33775892343749997 0.05903733437499999 0.2997300796875 0.0404629 0.291706525 0.016365476562500002 0.3394366140625 0.032820578125 0.3769572796875 0.04754205625 0.3752591203125 0.078863296875 0.33775892343749997
0 0.091870459375 0.2363410703125 0.07612885 0.2428911453125 0.082860915625 0.27415793593750004 0.09485560781249999 0.30556518125 0.11409342656250002 0.2867014484375 0.1148262296875 0.270271321875 0.091870459375 0.2363410703125
5 0.0355994671875 0.256586290625 0.021165317187499998 0.2698626609375 0.035877140625 0.2984149359375 0.053246328125 0.283404646875 0.0355994671875 0.256586290625
4 0 0.2870500734375 0.0615124015625 0.21534217500000002 0.6073521625 0.25679389218750004 0.6227233625 0.8096534375 0.6473819875 0.7785838625 0.6334881328125 0.6135197031249999 0.6575905875 0.6088346609374999 0.62687134375 0.22268079843750002 0.054101425 0.20061261562500002 0 0.2770527859375 0 0.2870500734375