4 0.897857540625 0.327674090625 0.8963111734375 0.3166711125 0.887415390625 0.30389594999999997 0.8702023265625 0.29930239687500004 0.3433483046875 0.378957053125 0.3371595921875 0.3742166671875 0.3342592265625 0.3648065203125 0.3441302859375 0.2778643953125 0.344133990625 0.23298264999999999 0.3394958125 0.188753278125 0.3456956375 0.0588484265625 0.3832182078125 0.045159742187500004 0.48843372812499997 0.035982820312500004 0.5304044203125 0.0258766078125 0.504294646875 0.0197283296875 0.32809690625 0.0402836921875 0.32190726875000003 0.0467637421875 0.322871896875 0.076081478125 0.31842145781250003 0.10055009687500001 0.3180320875 0.1314606609375 0.302163759375 0.23747864375 0.2990871515625 0.28045469375 0.3008043078125 0.3051473765625 0.2958593765625 0.33233473281250003 0.294136046875 0.382444959375 0.292159775 0.38950918125 0.29176993906250004 0.4092698828125 0.28983595 0.40798331250000003 0.282033659375 0.4254427984375 0.2905414609375 0.45229787187500003 0.3013715921875 0.4619961015625 0.44333557187499995 0.4448494421875 0.877932775 0.37114794375 0.8883772406249999 0.36687499375 0.8870250953125 0.34602695156249996 0.897857540625 0.327674090625
6 0.70703125 0.26015625 0.08125 0.0828125
0 0.53046875 0.21796875 0.0703125 0.0875
1 0.49609375 0.2703125 0.05 0.1140625
5 0.41015625 0.2421875 0.05 0.053125
3 0.3953125 0.18515625 0.0625 0.0578125
0 0.6234375 0.16328125 0.065625 0.08125
3 0.61484375 0.09296875 0.05 0.053125
1 0.67734375 0.1484375 0.0390625 0.0484375
1 0.40546875 0.09921875 0.05 0.0515625
5 0.49453125 0.1359375 0.0328125 0.046875
0 0.390625 0.053125 0.0203125 0.021875
3 0.45859375 0.10078125 0.0203125 0.040625
6 0.5234375 0.1 0.0359375 0.0609375
5 0.4984375 0.06953125 0.046875 0.053125
2 0.8328125 0.025 0.05 0.05