3 0.41741071406249997 0.5119047625 0.40959821406249997 0.46626984218749995 0.34933035625 0.424603175 0.30915178593750003 0.49603174531249994 0.3113839296875 0.5694444437499999 0.37834821406249997 0.597222221875 0.41741071406249997 0.5119047625
5 0.452008928125 0.4126984125 0.44754464218749995 0.3611111109375 0.3995535703125 0.33134920625 0.36272321406249997 0.3988095234375 0.37165178593750003 0.4384920640625 0.41964285781250005 0.47222222187499996 0.452008928125 0.4126984125
6 0.5245535718750001 0.2757936515625 0.475446428125 0.2519841265625 0.45647321406249997 0.2956349203125 0.454241071875 0.353174603125 0.5111607140625 0.3710317453125 0.5290178578125 0.325396825 0.5245535718750001 0.2757936515625
5 0.37053571406249997 0.25 0.34821428593750003 0.2142857140625 0.33035714375 0.228174603125 0.33147321406249997 0.2797619046875 0.35602678593750003 0.3035714296875 0.37723214375 0.297619046875 0.37053571406249997 0.25
6 0.3448660703125 0.3789682546875 0.3359375 0.327380953125 0.30691964375 0.3214285703125 0.30022321406249997 0.35714285625 0.3035714296875 0.40674603125 0.3370535703125 0.40674603125 0.3448660703125 0.3789682546875
1 0.26785714375 0.4365079359375 0.2566964296875 0.390873015625 0.2310267859375 0.375 0.186383928125 0.450396825 0.19977678593749998 0.5119047625 0.23214285625 0.5119047625 0.26785714375 0.4365079359375
0 0.26004464375 0.2380952375 0.20870535625 0.2420634921875 0.20089285625 0.297619046875 0.2075892859375 0.3452380953125 0.2645089296875 0.3234126984375 0.27120535625 0.2738095234375 0.26004464375 0.2380952375
6 0.157366071875 0.34722222187499996 0.147321428125 0.31150793593750004 0.11383928593749999 0.31150793593750004 0.1015625 0.3730158734375 0.116071428125 0.4206349203125 0.14620535625 0.4206349203125 0.157366071875 0.34722222187499996
3 0.0546875 0.384920634375 0.02901785625 0.38095238125 0.0189732140625 0.40873015781250005 0.0279017859375 0.4702380953125 0.060267857812500006 0.46825396875 0.0725446421875 0.4384920640625 0.0546875 0.384920634375
1 0.1708763953125 0.22498011562500003 0.147750265625 0.219269959375 0.1368295953125 0.24096855 0.1471078734375 0.287791821875 0.166379646875 0.293501978125 0.1862938140625 0.2695193265625 0.1708763953125 0.22498011562500003
1 0.275586365625 0.18386699687500002 0.2575993765625 0.1598843453125 0.21648625937500002 0.1815829359375 0.21841343750000003 0.2181279296875 0.2402547796875 0.23982651875 0.282010290625 0.22840620781249998 0.275586365625 0.18386699687500002
3 0.11755782031249999 0.260383078125 0.10535236249999999 0.219269959375 0.08865015937500001 0.20784965 0.055888143749999994 0.2501047984375 0.0648816375 0.290075884375 0.079656665625 0.291217915625 0.11755782031249999 0.260383078125
0 0.14967744375 0.1633104390625 0.1329752390625 0.16673653125000001 0.1336176328125 0.1987134015625 0.1393991640625 0.23183230156249998 0.1618829 0.2169858984375 0.1657372546875 0.2009974640625 0.14967744375 0.1633104390625
5 0.0905773375 0.1724466875 0.0738751328125 0.1827249671875 0.082868628125 0.21355980468750002 0.10278279374999999 0.20213949375 0.0905773375 0.1724466875
4 0.6774553578125 0.2519841265625 0.11941964375 0.12103174531250001 0.001116071875 0.234126984375 0.123883928125 0.1369047625 0.6517857140625 0.28174603125000003 0.5613839281249999 0.827380953125 0.5915178578125 0.8015873015625001 0.609375 0.6369047625 0.6339285718750001 0.6369047625 0.6774553578125 0.2519841265625