2 0.4875 0.00859375 0.059375 0.0171875
2 0.60234375 0.0140625 0.0859375 0.028125
2 0.765625 0.02265625 0.121875 0.0453125
4 0.4354457703125 0.33756180625 0.6647331234375 0.1337739703125 0.6617477 0.10150258906250001 0.6387850296875001 0.10334176718750002 0.40705016250000003 0.2617731375 0.15297425781250001 0.1285488703125 0.288409825 0.063501346875 0.2855697453125 0.0498835078125 0.11171944687499999 0.11947269218750001 0.121137065625 0.1485826890625 0.4354457703125 0.33756180625
6 0.546875 0.12109375 0.0609375 0.065625
1 0.4228208203125 0.202907828125 0.45757206093749997 0.220916046875 0.47456907031249995 0.2149238296875 0.469569571875 0.16306174843750001 0.42960729999999997 0.140698284375 0.416205 0.16010613906249999 0.4228208203125 0.202907828125
5 0.346875 0.121875 0.04375 0.053125
5 0.359375 0.19765625 0.0546875 0.0578125
3 0.29921875 0.17578125 0.0625 0.0703125
1 0.23671875 0.12578125 0.05625 0.0640625
3 0.28984375 0.11640625 0.0359375 0.05
3 0.40703125 0.0671875 0.05625 0.05625
0 0.45390625 0.09609375 0.059375 0.06875
5 0.3015625 0.08671875 0.0453125 0.05
0 0.445706928125 0.1464495859375 0.43643206093750003 0.10579827343749999 0.3987005828125 0.1159083921875 0.4097014296875 0.1690381828125 0.428098040625 0.1411026890625 0.445706928125 0.1464495859375
1 0.4816027703125 0.10232211875 0.49443147187500003 0.098884678125 0.4876372125 0.07050963906249999 0.469238009375 0.0682502734375 0.4816027703125 0.10232211875