2 0.575 0.009375 0.05625 0.01875
2 0.68984375 0.02421875 0.0765625 0.0484375
2 0.85390625 0.04609375 0.1046875 0.0921875
4 0.464633590625 0.3288198828125 0.725824940625 0.16794337343750002 0.7284887375 0.135643853125 0.705555553125 0.133467665625 0.4498299390625 0.24925176875 0.2227481703125 0.073931659375 0.3674215515625 0.03339049375 0.36698933125 0.019486365624999998 0.1836961734375 0.057829546875000006 0.1879158203125 0.0881326484375 0.464633590625 0.3288198828125
6 0.6125 0.13515625 0.0515625 0.059375
1 0.4755828609375 0.1940193015625 0.50667905625 0.217788425 0.5244583796875 0.21483874374999998 0.5285405921875 0.162896409375 0.4930688109375 0.1339333203125 0.476499984375 0.1507190421875 0.4755828609375 0.1940193015625
5 0.41484375 0.1015625 0.0375 0.0484375
5 0.4140625 0.178125 0.046875 0.0515625
3 0.35859375 0.14609375 0.053125 0.0640625
2 0.01171875 0.07421875 0.0234375 0.0671875
1 0.30546875 0.0859375 0.0484375 0.0578125
3 0.359375 0.0859375 0.028125 0.046875
3 0.48359375 0.0578125 0.0484375 0.05
0 0.525 0.09375 0.05 0.0625
5 0.3765625 0.05859375 0.0390625 0.0453125
0 0.507925146875 0.14239291874999999 0.5058502125000001 0.10074862656250001 0.46693635625 0.10415314843750001 0.46854418437499995 0.1583860546875 0.49151225781249996 0.1340695015625 0.507925146875 0.14239291874999999
1 0.5509383046874999 0.10516909375000001 0.564169015625 0.1040115578125 0.5624052500000001 0.0748877875 0.54467790625 0.06946775937500001 0.5509383046874999 0.10516909375000001