2 0.496875 0.00859375 0.059375 0.0171875
2 0.61171875 0.01484375 0.0859375 0.0296875
2 0.77578125 0.02421875 0.1203125 0.0484375
4 0.4382905390625 0.33645991875000003 0.671099559375 0.1367047375 0.668677803125 0.10438616875 0.6456865328125 0.1058243140625 0.41122195 0.260187221875 0.159509828125 0.12254900937499999 0.29606000312499997 0.0598750703125 0.2934580203125 0.0462097390625 0.1184197015625 0.11275421875 0.12732784531250002 0.142024140625 0.4382905390625 0.33645991875000003
6 0.55390625 0.121875 0.059375 0.065625
1 0.42801754843750006 0.2016061140625 0.462449209375 0.2202180828125 0.47954820781249996 0.21452341718749998 0.47545459062499995 0.1625819828125 0.4358887 0.1395244859375 0.42214972812499996 0.1586954828125 0.42801754843750006 0.2016061140625
5 0.35390625 0.11953125 0.04375 0.053125
5 0.36484375 0.1953125 0.053125 0.0578125
3 0.3046875 0.17265625 0.0609375 0.06875
1 0.24296875 0.12109375 0.05625 0.0625
3 0.29609375 0.1125 0.034375 0.05
3 0.4140625 0.065625 0.0546875 0.05625
0 0.4609375 0.0953125 0.0578125 0.06875
5 0.309375 0.0828125 0.04375 0.05
0 0.45188550312500003 0.1455558890625 0.44332151093750005 0.10474889843749999 0.405419334375 0.1141989734375 0.41549126249999996 0.16751266250000002 0.4343726140625 0.1399024890625 0.45188550312500003 0.1455558890625
1 0.4885460078125 0.10206161093749999 0.5014327484375001 0.0988485859375 0.4951347359375 0.0703592921875 0.47677776562499996 0.0677791609375 0.4885460078125 0.10206161093749999