2 0.5828125 0.009375 0.034375 0.0171875
2 0.69453125 0.04765625 0.05 0.0359375
2 0.84375 0.10625 0.0609375 0.0703125
2 0.9734375 0.1640625 0.053125 0.109375
0 0.22578125 0.04375 0.0453125 0.0578125
1 0.31796875 0.0859375 0.0734375 0.08125
3 0.4 0.09765625 0.040625 0.0625
5 0.403125 0.05859375 0.05 0.0640625
6 0.39609375 0.03046875 0.0546875 0.0609375
6 0.46953125 0.09140625 0.0375 0.0609375
5 0.48671875 0.13515625 0.0640625 0.065625
3 0.44609375 0.21015625 0.0734375 0.0859375
3 0.540625 0.08046875 0.053125 0.0625
5 0.546875 0.27734375 0.05625 0.084375
0 0.61015625 0.2125 0.06875 0.0765625
0 0.6171875 0.146875 0.0734375 0.075
1 0.65625 0.2796875 0.0859375 0.1078125
6 0.725 0.22109375 0.0625 0.0625
4 0.440625 0.28125 0.8375 0.5625