2 0.0765625 0.05078125 0.0421875 0.034375
2 0.41015625 0.0109375 0.034375 0.0109375
2 0.528125 0.0109375 0.046875 0.021875
2 0.68828125 0.021875 0.0515625 0.04375
2 0.83984375 0.03515625 0.0578125 0.0703125
0 0.08671875 0.165625 0.0375 0.053125
1 0.1875 0.17265625 0.0640625 0.0734375
3 0.26875 0.15625 0.03125 0.0609375
5 0.2578125 0.11796875 0.0421875 0.059375
6 0.24140625 0.09453125 0.046875 0.05625
6 0.33203125 0.1265625 0.028125 0.0578125
5 0.36328125 0.16171875 0.05625 0.0578125
3 0.35 0.246875 0.0625 0.078125
3 0.39453125 0.0921875 0.04375 0.0578125
5 0.46796875 0.275 0.04375 0.0796875
0 0.50546875 0.1921875 0.059375 0.0703125
0 0.4890625 0.128125 0.065625 0.0671875
1 0.57109375 0.23984375 0.071875 0.0984375
6 0.61640625 0.1609375 0.05625 0.05625
4 0.375 0.28359375 0.75 0.5140625