2 0.025 0.10546875 0.0453125 0.0390625
2 0.35078125 0.025 0.034375 0.015625
2 0.4671875 0.0125 0.05 0.025
2 0.62734375 0.01328125 0.0578125 0.0265625
2 0.77890625 0.0171875 0.0703125 0.034375
0 0.0484375 0.21796875 0.0421875 0.05625
1 0.15 0.21328125 0.071875 0.078125
3 0.228125 0.1875 0.0375 0.0625
5 0.21328125 0.15078125 0.046875 0.0625
6 0.19453125 0.12890625 0.053125 0.059375
6 0.2875 0.15 0.034375 0.059375
5 0.32265625 0.18046875 0.0609375 0.0640625
3 0.3203125 0.26640625 0.0703125 0.084375
3 0.3453125 0.1078125 0.05 0.0609375
5 0.440625 0.28046875 0.0515625 0.0828125
0 0.46796875 0.19375 0.065625 0.075
0 0.44453125 0.1328125 0.071875 0.0734375
1 0.5390625 0.2328125 0.0828125 0.1046875
6 0.57421875 0.14921875 0.0609375 0.0609375
4 0.37265625 0.30234375 0.7453125 0.5953125