4 0.31042045156250003 0.9634341640624999 0.6326589234375 0.072616271875 0.4124513078125 0.037444771875 0.60336986875 0.0887543359375 0.2905359328125 0.8540256875000001 0.004038878125 0.547662903125 0.011769393749999999 0.618706990625 0.31042045156250003 0.9634341640624999
2 0.871875 0.02421875 0.078125 0.0484375
6 0.315625 0.48515625 0.128125 0.175
5 0.175 0.44921875 0.1171875 0.1515625
3 0.140625 0.32109375 0.09375 0.1234375
6 0.3109375 0.31484375 0.0515625 0.090625
5 0.41875 0.31328125 0.08125 0.115625
1 0.24453125 0.21953125 0.0625 0.0828125
0 0.37578125 0.19921875 0.0609375 0.0796875
1 0.5483788953125 0.1786314875 0.5135670984375 0.1554732 0.49090864375 0.17869390000000002 0.49311575625000004 0.2184562328125 0.5226776390625 0.244355971875 0.5508621453125 0.2203586375 0.5483788953125 0.1786314875
1 0.4806909078125 0.1140102453125 0.4646656953125 0.11225518906250001 0.46134874375 0.128750365625 0.46327971718749994 0.1665478828125 0.48869954687500006 0.16297535937500002 0.4806909078125 0.1140102453125
0 0.5434123984375 0.09517718593749999 0.51384720625 0.10935043281250001 0.5157781796875 0.1471479484375 0.528210965625 0.1554187640625 0.559433640625 0.145019825 0.5434123984375 0.09517718593749999
3 0.428125 0.07734375 0.0453125 0.053125
0 0.47421875 0.071875 0.034375 0.0484375
3 0.33515625 0.1078125 0.0296875 0.046875