4 0.270750909375 0.9451477109375 0.6694030625 0.085804584375 0.4530988015625 0.0315745625 0.6388189359374999 0.09932852812500001 0.2604776359375 0.8344225171874999 0.0017720640624999998 0.5042556703125001 0.0032812625 0.5757031734375 0.270750909375 0.9451477109375
2 0.91328125 0.03984375 0.0703125 0.0796875
6 0.31796875 0.46875 0.115625 0.165625
5 0.18046875 0.42109375 0.10625 0.14375
3 0.15703125 0.290625 0.084375 0.1171875
6 0.32734375 0.29921875 0.04375 0.0875
5 0.43515625 0.30703125 0.0734375 0.1109375
1 0.26953125 0.1984375 0.05625 0.078125
0 0.40234375 0.18984375 0.0546875 0.0765625
1 0.5762039109375 0.1840708890625 0.5435429609375 0.157966678125 0.5189469109375 0.179124203125 0.5176801078125 0.21892759062499997 0.5448721890625 0.24730526249999998 0.57504095 0.2258556859375 0.5762039109375 0.1840708890625
1 0.514405609375 0.1137961546875 0.49859434062499997 0.11065108906250001 0.4938523609375 0.126794403125 0.49248171718749995 0.1646163859375 0.51811618125 0.163272940625 0.514405609375 0.1137961546875
0 0.578529834375 0.1005012984375 0.5478418671874999 0.1120438359375 0.546471221875 0.149865815625 0.5581358484375001 0.159188746875 0.5901460390625 0.1515506140625 0.578529834375 0.1005012984375
3 0.46484375 0.07265625 0.0421875 0.05
0 0.51171875 0.07109375 0.0296875 0.046875
3 0.3703125 0.0953125 0.025 0.0453125