4 0.3023612828125 0.9600549624999999 0.6400975921875001 0.0749965828125 0.42053734374999996 0.0359872859375 0.6105313515625 0.090621025 0.2843892359375 0.850316115625 0.0032825828124999996 0.538999928125 0.00977203125 0.6101681125 0.3023612828125 0.9600549624999999
2 0.88046875 0.02734375 0.0765625 0.0546875
6 0.315625 0.48203125 0.1265625 0.1734375
5 0.17578125 0.44375 0.1140625 0.15
3 0.14375 0.31484375 0.0921875 0.121875
6 0.3140625 0.31171875 0.05 0.0890625
5 0.421875 0.31171875 0.0796875 0.1140625
1 0.24921875 0.21484375 0.0609375 0.08125
0 0.38125 0.19765625 0.059375 0.0796875
1 0.55398018125 0.1795247609375 0.5195778546875001 0.1557624515625 0.49651759218749997 0.1785841703125 0.4980304203125 0.218378965625 0.5271357890624999 0.24479068750000002 0.5557348140625 0.22128889531249998 0.55398018125 0.1795247609375
1 0.48743030000000004 0.11373204374999998 0.4714381578125 0.11169757656249998 0.46783382968750004 0.1281323515625 0.4691048515625 0.1659578125 0.49458315781250006 0.1628294703125 0.48743030000000004 0.11373204374999998
0 0.55047091875 0.0959964921875 0.520662871875 0.109651596875 0.52193389375 0.14747705625000002 0.534220440625 0.15596359531249998 0.565619846875 0.14611115 0.55047091875 0.0959964921875
3 0.43515625 0.07578125 0.0453125 0.0515625
0 0.48203125 0.071875 0.0328125 0.0484375
3 0.3421875 0.10546875 0.028125 0.046875