1 0.16171875 0.29609375 0.096875 0.1328125
6 0.18046875 0.14921875 0.0578125 0.0734375
5 0.22578125 0.18359375 0.065625 0.084375
3 0.27421875 0.2453125 0.0453125 0.084375
6 0.33828125 0.18671875 0.034375 0.0765625
5 0.409375 0.2359375 0.065625 0.084375
3 0.3890625 0.1296875 0.05 0.0703125
3 0.478125 0.3671875 0.071875 0.115625
0 0.5390625 0.18203125 0.059375 0.0875
0 0.60546875 0.2546875 0.0640625 0.103125
1 0.52265625 0.140625 0.034375 0.028125
6 0.6796875 0.19453125 0.059375 0.075
1 0.725 0.31328125 0.078125 0.1078125
5 0.640625 0.3734375 0.059375 0.1046875
2 0.11328125 0.02578125 0.0546875 0.0390625
2 0.20390625 0.0203125 0.05625 0.03125
2 0.32578125 0.01640625 0.05625 0.028125
2 0.46015625 0.01796875 0.053125 0.0359375
2 0.6234375 0.02109375 0.05625 0.0421875
2 0.76484375 0.02890625 0.0609375 0.0578125
2 0.91640625 0.04921875 0.0609375 0.0984375
0 0.00390625 0.303125 0.0078125 0.065625