1 0.18125 0.2671875 0.103125 0.1375
6 0.2125 0.12265625 0.0609375 0.0765625
5 0.2546875 0.1609375 0.0703125 0.0875
3 0.29765625 0.2265625 0.05 0.0875
6 0.36640625 0.1734375 0.0375 0.078125
5 0.4328125 0.22890625 0.0703125 0.0875
3 0.421875 0.121875 0.053125 0.071875
3 0.48984375 0.36640625 0.078125 0.11875
0 0.56640625 0.18671875 0.0640625 0.090625
0 0.62578125 0.26484375 0.06875 0.10625
1 0.55390625 0.14453125 0.0359375 0.0296875
6 0.70546875 0.2109375 0.0625 0.0765625
1 0.740625 0.33359375 0.0828125 0.1109375
5 0.6515625 0.3859375 0.065625 0.1078125
2 0.15625 0.00703125 0.05625 0.0140625
2 0.24609375 0.00625 0.0578125 0.0125
2 0.36796875 0.00859375 0.0578125 0.0171875
2 0.50234375 0.0171875 0.0546875 0.034375
2 0.665625 0.03203125 0.059375 0.046875
2 0.80546875 0.0515625 0.0640625 0.065625
2 0.95546875 0.08359375 0.0671875 0.109375
0 0.02109375 0.2609375 0.015625 0.065625