1 0.1515625 0.3140625 0.103125 0.1375
6 0.1625 0.16640625 0.0609375 0.0765625
5 0.209375 0.1984375 0.0703125 0.0875
3 0.26171875 0.2578125 0.05 0.0875
6 0.321875 0.1953125 0.0375 0.078125
5 0.39609375 0.24140625 0.0703125 0.0875
3 0.36953125 0.13671875 0.053125 0.071875
3 0.47109375 0.36875 0.078125 0.11875
0 0.52265625 0.18046875 0.0640625 0.090625
0 0.5921875 0.24921875 0.06875 0.10625
1 0.50390625 0.140625 0.0359375 0.0296875
6 0.66328125 0.18515625 0.0625 0.0765625
1 0.71484375 0.3015625 0.0828125 0.1109375
5 0.63359375 0.36640625 0.065625 0.1078125
2 0.0890625 0.04609375 0.05625 0.040625
2 0.1796875 0.0359375 0.0578125 0.0328125
2 0.30078125 0.02578125 0.0578125 0.0296875
2 0.43515625 0.0203125 0.0546875 0.0375
2 0.5984375 0.01875 0.059375 0.0375
2 0.73984375 0.02265625 0.0640625 0.0453125
2 0.89296875 0.0390625 0.0671875 0.078125