2 0.06171875 0.20390625 0.1234375 0.2484375
2 0.1265625 0.13125 0.1078125 0.1375
4 0.99361155625 0.41739261406250006 0.9789066078124999 0.3535792796875 0.46945802499999995 0.5227195250000001 0.3766201078125 0.161103565625 0.364078328125 0.1718832171875 0.459637821875 0.6160872859375 0.99361155625 0.41739261406250006
6 0.60390625 0.36015625 0.109375 0.1375
5 0.515625 0.2453125 0.078125 0.103125
3 0.528125 0.1515625 0.0609375 0.0875
6 0.66015625 0.23203125 0.059375 0.0890625
1 0.640625 0.12734375 0.059375 0.0828125
5 0.7703125 0.309375 0.1015625 0.128125
0 0.7997526359375 0.23129039218749997 0.8136453328125001 0.20662286562499999 0.8128375640625001 0.1568511078125 0.7655102265625 0.1372343 0.7505009421875 0.164310621875 0.74910965625 0.2094830734375 0.7997526359375 0.23129039218749997
6 0.7695601140624999 0.110316015625 0.771015953125 0.138235475 0.8182912343750001 0.1556918953125 0.8196394343750001 0.11414769218750001 0.777575475 0.0963073890625 0.7695601140624999 0.110316015625
3 0.7922813875 0.062057371875 0.7750712859375 0.051962946875000006 0.7685117609375001 0.0938910328125 0.7915040531249999 0.09479441562499999 0.7922813875 0.062057371875
3 0.9279536453125001 0.10849643125 0.9246270593749999 0.09472715468750001 0.8893846734374999 0.07833215624999999 0.885456840625 0.1211484953125 0.9287414984375 0.14090078281250001 0.9279536453125001 0.10849643125
1 0.9486226953125 0.2401809015625 0.9467954609375001 0.197140203125 0.9338594406249999 0.174556203125 0.920130121875 0.178922096875 0.913821915625 0.22586349062500002 0.9357676171874999 0.2429133328125 0.9486226953125 0.2401809015625