2 0.140625 0.1078125 0.115625 0.215625
2 0.234375 0.0546875 0.090625 0.109375
4 1 0.482547109375 0.464618471875 0.51404053125 0.468537028125 0.140718115625 0.45363261875000005 0.1478844078125 0.43096752968749996 0.60168520625 0.9981725140625001 0.5479634640625 1 0.4962384375 1 0.482547109375
2 0.984375 0.0734375 0.03125 0.1
6 0.6359375 0.3921875 0.0921875 0.1265625
5 0.58046875 0.2578125 0.0640625 0.0953125
3 0.6171875 0.1703125 0.05 0.08125
6 0.72421875 0.2828125 0.0484375 0.0828125
1 0.73203125 0.1765625 0.0484375 0.078125
5 0.81015625 0.3859375 0.084375 0.11875
0 0.8590859765625 0.318028140625 0.8788897171875 0.29779683437500004 0.8909913515625 0.24951194375000002 0.8503538562499999 0.2183143453125 0.828848134375 0.24058337343749997 0.8158127640625 0.28385652031249997 0.8590859765625 0.318028140625
6 0.8612327125 0.1933614671875 0.8554128578125001 0.22070639218750002 0.89655921875 0.24980374218749998 0.9086139109375001 0.21002406406250002 0.87260065625 0.1819047015625 0.8612327125 0.1933614671875
3 0.8956700328125 0.15262789375000002 0.88165898125 0.1384231265625 0.8644711796875001 0.1772248171875 0.8864462156249999 0.1840482625 0.8956700328125 0.15262789375000002
3 1 0.20583231406250002 0.9852523812499999 0.193480309375 0.9703767015625001 0.23382111874999997 1 0.2582657484375 1 0.20583231406250002
1 1 0.2980890375 0.9889156109374999 0.2986002375 0.970673025 0.342309459375 0.987458121875 0.36445830625000003 1 0.36511559843749997 1 0.2980890375