2 0.09453125 0.14375 0.1203125 0.2390625
2 0.18203125 0.0828125 0.0921875 0.128125
4 1 0.48339719375 0.9946237484375 0.421655153125 0.46659331093749995 0.5182477984375 0.4249861015625 0.1472305203125 0.4110661390625 0.1561597859375 0.4438743953125 0.609340203125 1 0.48696099843749996 1 0.48339719375
2 0.94140625 0.0328125 0.0578125 0.065625
6 0.621875 0.3765625 0.09375 0.128125
5 0.55078125 0.25 0.065625 0.096875
3 0.5765625 0.15859375 0.0515625 0.0828125
6 0.69609375 0.25703125 0.05 0.084375
1 0.690625 0.15078125 0.05 0.078125
5 0.79375 0.3484375 0.0875 0.1203125
0 0.8342326140624999 0.27562295937500003 0.8514231640625001 0.25312898437500003 0.857550146875 0.20372918437499998 0.8134135265625 0.1777165921875 0.794782015625 0.2024405203125 0.7871174796875 0.246979728125 0.8342326140624999 0.27562295937500003
6 0.8211703015625 0.1516239109375 0.8187263343750001 0.1794742734375 0.8631120718749999 0.20334025625000002 0.8702289875 0.162387990625 0.8310572828125 0.1388671375 0.8211703015625 0.1516239109375
3 0.8503867578125 0.10699710625 0.8347490171875 0.0946057359375 0.8224180671875001 0.135212871875 0.8450608734375 0.139307371875 0.8503867578125 0.10699710625
3 0.9782755953125 0.171866153125 0.9768976968749999 0.15776790624999998 0.9442800296874999 0.1366276703125 0.9344315390625001 0.1784806765625 0.9745459671875001 0.204064796875 0.9782755953125 0.171866153125
1 0.9804165593749999 0.3051456546875 0.9845972140624999 0.2622695234375 0.9749301718750001 0.2381049640625 0.9607268515625 0.24051761562500001 0.94794705625 0.286124246875 0.96730630625 0.3060624125 0.9804165593749999 0.3051456546875