4 0.414059965625 0.371496440625 0.2006569578125 0.191157275 0.1848958265625 0.19881988281250002 0.189886659375 0.23264229374999998 0.4182889875 0.4489629984375 0.7574761546875 0.0738731203125 0.7556598859375 0.050028267187499996 0.5968824171875 0.0016149250000000001 0.7343192468749999 0.057593484375000004 0.414059965625 0.371496440625
6 0.4816563546875 0.2079687140625 0.44967611874999996 0.185581775 0.4167609328125 0.2167581078125 0.41708039374999994 0.26240555625 0.45132706093749997 0.282847625 0.4819758171875 0.2536161640625 0.4816563546875 0.2079687140625
5 0.321909309375 0.21510246562500002 0.3538202890625 0.241457053125 0.385515690625 0.2162127203125 0.3818138953125 0.1724906625 0.353112109375 0.15412980625 0.3214513359375 0.1773903171875 0.321909309375 0.21510246562500002
5 0.561958621875 0.14684865 0.55417998125 0.1333019921875 0.519198984375 0.13855865625 0.51555193125 0.18543307656250002 0.522932365625 0.194781884375 0.55976944375 0.19123397656250002 0.561958621875 0.14684865
3 0.3403817984375 0.09185203125 0.31235378125 0.1039355015625 0.310149978125 0.149158753125 0.3273845203125 0.161194103125 0.35921245156250003 0.1475006015625 0.3560999609375 0.1097281734375 0.3403817984375 0.09185203125
6 0.47135706875 0.1243126921875 0.4545353546875 0.11563726875 0.44718747031249995 0.13143442968750002 0.446942128125 0.17250096875 0.4648381421875 0.173651525 0.47254035156249996 0.1645659875 0.47135706875 0.1243126921875
1 0.423913359375 0.11426458125000001 0.43488564375000005 0.10691248125 0.434630403125 0.0675135671875 0.4088533671875 0.058681825 0.40014998906250004 0.0711026078125 0.4010228234375 0.1021305046875 0.423913359375 0.11426458125000001
0 0.5378376265625 0.070153234375 0.5087027578125001 0.0646156046875 0.5031231953125 0.087149071875 0.5025674062500001 0.1189902109375 0.535531440625 0.12124196093749999 0.5351299390625 0.0902222921875 0.5378376265625 0.070153234375
1 0.6583119468749999 0.1099742234375 0.6394114625 0.08533709375000001 0.61099986875 0.0923847875 0.6065710375 0.13002558125000002 0.627901315625 0.150514225 0.6538595265625 0.1354609953125 0.6583119468749999 0.1099742234375
0 0.6701471671875 0.0531845671875 0.6456086171875 0.0544326046875 0.6399120468749999 0.08366947031250001 0.6482644 0.09135888125 0.67738464375 0.09773443750000001 0.6779404328124999 0.0658932984375 0.6701471671875 0.0531845671875
1 0.6149281171875 0.056411614062500004 0.60177468125 0.0536674796875 0.5968565906250001 0.06531615625000001 0.5953873875 0.095464990625 0.61388636875 0.08908245000000001 0.6149281171875 0.056411614062500004
0 0.6245708609375 0.01718546875 0.6180892124999999 0.010366890625 0.6099888015625 0.015254578125000001 0.603894028125 0.04029359375 0.6137042578125 0.0454939109375 0.624559534375 0.044845209375 0.6245708609375 0.01718546875
3 0.591168046875 0.0400714609375 0.5913256328125 0.0040324703125 0.5658882968750001 0.00275028125 0.5637576234375 0.043783909375 0.591168046875 0.0400714609375
6 0.50145395625 0.047725475 0.5008981671875 0.0795666140625 0.508260678125 0.062931528125 0.5298981015625001 0.06582375 0.531279546875 0.040702462499999995 0.50541475625 0.036898270312499995 0.50145395625 0.047725475
3 0.5053822046875001 0.011752303125 0.49312755625 0.011538396874999999 0.49065718281250004 0.045022476562500004 0.499141171875 0.045170565625 0.5053822046875001 0.011752303125
5 0.6798224625 0.0391043890625 0.669113446875 0.031373843750000005 0.6603076859375 0.049660096875 0.6786311546875 0.05333265625 0.6798224625 0.0391043890625