2 0.44921875 0.00859375 0.0578125 0.0171875
2 0.59140625 0.0265625 0.05625 0.04375
2 0.73515625 0.04921875 0.05 0.0421875
2 0.84609375 0.06953125 0.0546875 0.05
2 0.9625 0.10078125 0.0609375 0.075
4 0.54375 0.33828125 0.9125 0.5546875
0 0.3578125 0.30234375 0.0734375 0.121875
6 0.46484375 0.15234375 0.0734375 0.09375
5 0.55625 0.19609375 0.0859375 0.103125
1 0.60625 0.309375 0.103125 0.140625
3 0.67265625 0.26953125 0.0453125 0.0828125
3 0.65703125 0.1515625 0.0671875 0.075
6 0.6671875 0.21015625 0.04375 0.0734375
6 0.7703125 0.26484375 0.0796875 0.0828125
1 0.77734375 0.17890625 0.034375 0.0484375
0 0.8234375 0.2125 0.0765625 0.078125
6 0.91953125 0.2359375 0.0453125 0.0625
0 0.925 0.29140625 0.0484375 0.0859375
3 0.921875 0.39296875 0.1 0.1015625
5 0.98671875 0.4015625 0.0265625 0.08125
1 0.9890625 0.340625 0.021875 0.065625