2 0.09296875 0.04375 0.05625 0.0609375
2 0.21796875 0.03046875 0.05625 0.04375
2 0.35546875 0.01875 0.05625 0.0296875
2 0.4984375 0.01796875 0.053125 0.0359375
2 0.64375 0.015625 0.046875 0.03125
2 0.75625 0.01640625 0.05 0.0328125
2 0.878125 0.02734375 0.053125 0.0546875
4 0.5375 0.32734375 0.925 0.4484375
0 0.32265625 0.33359375 0.0609375 0.115625
6 0.39921875 0.165625 0.0640625 0.0859375
5 0.496875 0.19140625 0.075 0.0953125
1 0.56796875 0.29296875 0.0890625 0.13125
3 0.62578125 0.240625 0.0359375 0.0796875
3 0.5875 0.128125 0.059375 0.06875
6 0.60859375 0.18359375 0.0359375 0.0703125
6 0.72109375 0.21796875 0.071875 0.075
1 0.7109375 0.13203125 0.0296875 0.0453125
0 0.7625 0.15625 0.06875 0.0703125
6 0.8609375 0.1609375 0.0390625 0.0578125
0 0.87734375 0.2140625 0.0390625 0.0828125
3 0.89375 0.3140625 0.090625 0.0921875
5 0.97265625 0.3078125 0.0453125 0.0765625
1 0.9671875 0.246875 0.05 0.0609375