4 0.573858878125 0 0.7028877375 0.0423258796875 0.40530535624999997 0.37780434375 0.17984236250000002 0.21279071562500002 0.164654140625 0.2215340984375 0.17199215 0.2549259765625 0.4149278703125 0.45478719375 0.727123846875 0.056950515624999996 0.7236486703125 0.033290443749999996 0.5789583609375 0 0.573858878125 0
6 0.46132996562499995 0.20995967656249998 0.42786599843750006 0.18985809843749998 0.39720574375 0.223254534375 0.40070863125 0.268768503125 0.4362978421875 0.28677185 0.46483285625 0.2554736453125 0.46132996562499995 0.20995967656249998
5 0.30246968281250003 0.228219440625 0.33614133125 0.2522838328125 0.36599856875 0.2248900328125 0.3592558953125 0.1815327046875 0.32934323593750003 0.165218709375 0.2993821578125 0.190631103125 0.30246968281250003 0.228219440625
5 0.5371731 0.14338689375 0.5284684421875 0.1304158453125 0.49393934375 0.13809985625 0.49357096718750004 0.1851144984375 0.5015855640625 0.19392569843750002 0.5380854187499999 0.187816809375 0.5371731 0.14338689375
3 0.3122996578125 0.1039806625 0.285182815625 0.1179898328125 0.28613899531250003 0.16325665312499998 0.3041710984375 0.174060465625 0.3349662875 0.158180115625 0.32922650781249996 0.120716815625 0.3122996578125 0.1039806625
6 0.4452202203125 0.127225878125 0.427834315625 0.11974501093750001 0.421606284375 0.13601625312500001 0.424226196875 0.1769998703125 0.44215887656249997 0.1768992609375 0.4492085484375 0.1672985765625 0.4452202203125 0.127225878125
1 0.397191159375 0.12051174843750001 0.407623859375 0.11241217187500001 0.40462091093749997 0.073127034375 0.37829059531250003 0.066114921875 0.3704748484375 0.07911256562499999 0.3735099546875 0.11000399375 0.397191159375 0.12051174843750001
0 0.5077608609375 0.06856090000000001 0.478310678125 0.0650691046875 0.4743165625 0.0879368921875 0.475983253125 0.1197392375 0.5090240625 0.1196860484375 0.5064597156249999 0.08876995 0.5077608609375 0.06856090000000001
1 0.6307194843749999 0.09988102343750001 0.610146440625 0.0766223390625 0.5822956796875001 0.08563475781249999 0.580503325 0.1234928015625 0.6032108578125001 0.142443609375 0.6280557765625 0.12561629531250001 0.6307194843749999 0.09988102343750001
0 0.638564428125 0.0424041203125 0.6141727125 0.045360840624999996 0.6105294796875 0.074923859375 0.6193978718750001 0.08201190781249999 0.6488919171875 0.086340609375 0.6472252265625 0.054538264062499994 0.638564428125 0.0424041203125
1 0.583704996875 0.04947519375 0.57039218125 0.04765528125 0.566298640625 0.059618649999999995 0.5669360921875 0.0897965296875 0.5849447875 0.0821391125 0.583704996875 0.04947519375
0 0.5905879734374999 0.009671956249999999 0.583646475 0.003322125 0.5759067421874999 0.0087629625 0.57157345 0.034166134375000004 0.5817225390625 0.0386694578125 0.5925061203124999 0.0372651109375 0.5905879734374999 0.009671956249999999
3 0.5310527921875 0 0.5317782875 0.040447721874999995 0.5588629734375 0.0348322609375 0.5565802703125 0 0.5310527921875 0
6 0.4699013390625 0.048725768749999995 0.4715680296875 0.080528115625 0.4777522 0.06341996875 0.4995386671875 0.0647957953125 0.499164375 0.039639337499999996 0.4730972234375 0.03764865 0.4699013390625 0.048725768749999995
3 0.47131065625 0.01256620625 0.45907093750000005 0.0132076625 0.45894231406249997 0.0467825015625 0.467415965625 0.046338415625000004 0.47131065625 0.01256620625
5 0.647233971875 0.0276833265625 0.6360117875 0.0207186359375 0.6285030609375 0.039574603125 0.6470380796875 0.0419600359375 0.647233971875 0.0276833265625