2 0.08515625 0.05078125 0.0578125 0.0609375
2 0.209375 0.0359375 0.05625 0.0453125
2 0.34765625 0.02109375 0.05625 0.03125
2 0.490625 0.01875 0.053125 0.0375
2 0.6359375 0.0140625 0.046875 0.028125
2 0.7484375 0.01484375 0.05 0.0296875
2 0.86953125 0.02421875 0.0546875 0.0484375
4 0.534375 0.32578125 0.93125 0.4640625
0 0.3203125 0.33671875 0.0625 0.1171875
6 0.39375 0.16796875 0.065625 0.0875
5 0.49140625 0.19140625 0.0765625 0.096875
1 0.5640625 0.29140625 0.090625 0.1328125
3 0.62109375 0.23828125 0.0375 0.0796875
3 0.58125 0.1265625 0.0609375 0.06875
6 0.603125 0.18203125 0.0359375 0.0703125
6 0.715625 0.2140625 0.0734375 0.0765625
1 0.70390625 0.12890625 0.0296875 0.0453125
0 0.75625 0.1515625 0.0703125 0.071875
6 0.8546875 0.1546875 0.040625 0.059375
0 0.871875 0.2078125 0.040625 0.084375
3 0.890625 0.3078125 0.0921875 0.09375
5 0.96875 0.29921875 0.0453125 0.0765625
1 0.9625 0.2390625 0.0515625 0.0625