4 0.4477005765625 0.3545227703125 0.28426454218749997 0.12791358749999998 0.26711783125 0.1315356203125 0.26377803437499997 0.16556075312500002 0.43306312187499996 0.4307113328125 0.852917434375 0.14882002968750002 0.8569237093750001 0.125244075 0.7145748578125 0.03985706875 0.8343867859375 0.1274218046875 0.4477005765625 0.3545227703125
6 0.5528500015625 0.21220556249999997 0.5272356046875 0.1827468921875 0.48775590468749996 0.20503425000000003 0.47702275937499994 0.2494030578125 0.5053067687499999 0.277522928125 0.5421168578125 0.256574371875 0.5528500015625 0.21220556249999997
5 0.396122315625 0.18048110312500001 0.42070964999999994 0.21377281093749997 0.4575707203125 0.196946153125 0.46455620781249995 0.1536272828125 0.44114888125 0.12886823281249998 0.404801340625 0.143778371875 0.396122315625 0.18048110312500001
5 0.6455532296875 0.1723279015625 0.6412828828125 0.1573018140625 0.6060692671875 0.15393966406249998 0.5911905984375 0.1985394125 0.596090121875 0.20939600781249998 0.632691296875 0.21486518437500002 0.6455532296875 0.1723279015625
3 0.44386307187499996 0.0653606328125 0.4137443515625 0.07030458125 0.4006655140625 0.11365136093749999 0.41447650312500006 0.12949862343750002 0.448671765625 0.12391175000000001 0.45478970781249994 0.08650834375000001 0.44386307187499996 0.0653606328125
6 0.563094871875 0.128542859375 0.548871609375 0.11605559218749999 0.537920309375 0.1296058953125 0.527747359375 0.169393228125 0.5448334406249999 0.17483904687500001 0.554504853125 0.16788672031250002 0.563094871875 0.128542859375
1 0.5194913015625 0.107315546875 0.5319162953125 0.102836271875 0.541200096875 0.064545925 0.518325340625 0.0497404953125 0.50687563125 0.059686790625 0.5002162125 0.0900041828125 0.5194913015625 0.107315546875
0 0.6407030312499999 0.0920752703125 0.6137732671875 0.07965376874999999 0.602908103125 0.10016807812499999 0.5946657546874999 0.1309289421875 0.6261058671875 0.14108852656249998 0.6332206296875 0.11089314374999999 0.6407030312499999 0.0920752703125
1 0.74796518125 0.15985878125 0.7355863828125 0.1313810390625 0.70631374375 0.13134600000000002 0.6929103343749999 0.1667972703125 0.7086503609375 0.191837575 0.7374792078125 0.18351135000000002 0.74796518125 0.15985878125
0 0.77318750625 0.1076192203125 0.749075928125 0.102893771875 0.7364755328125 0.1298840546875 0.7427195484375 0.1393656734375 0.769432409375 0.1525966734375 0.7776747578125 0.121835809375 0.77318750625 0.1076192203125
1 0.718828003125 0.0973917140625 0.7067291484375 0.0915469875 0.6991390749999999 0.101659853125 0.69041985 0.1305577078125 0.709913409375 0.12884006406249998 0.718828003125 0.0973917140625
0 0.7376739796875 0.061663542187499996 0.7330344281250001 0.053479453125 0.7239921953125 0.056262287499999994 0.7120209765625 0.079083078125 0.7202817296874999 0.086502234375 0.73097149375 0.08849893125 0.7376739796875 0.061663542187499996
3 0.6997267500000001 0.07578884999999999 0.7085982765625001 0.0408584953125 0.684226728125 0.03346054375 0.6722324109375 0.0727598421875 0.6997267500000001 0.07578884999999999
6 0.610825878125 0.0615117046875 0.6025835296875 0.09227256874999999 0.613751734375 0.07791276875 0.6340467421875 0.08595364531250001 0.6414645421875 0.0619127703125 0.6172883625 0.0519643203125 0.610825878125 0.0615117046875
3 0.6233401390625 0.02755741875 0.6115012531249999 0.024385200000000003 0.6010037296874999 0.056277021875 0.60919988125 0.058473173437500005 0.6233401390625 0.02755741875
5 0.7859817062500001 0.09629795 0.7774609828125 0.0862062890625 0.7644929453125 0.10181905625000001 0.78138365625 0.1098153734375 0.7859817062500001 0.09629795