2 0.009375 0.1703125 0.01875 0.103125
2 0.13359375 0.109375 0.075 0.0703125
2 0.28046875 0.0609375 0.0578125 0.0484375
2 0.40625 0.0171875 0.0578125 0.03125
0 0.38984375 0.3828125 0.0890625 0.1328125
1 0.56796875 0.25390625 0.0953125 0.1296875
0 0.428125 0.2015625 0.09375 0.121875
6 0.31796875 0.21953125 0.0859375 0.1171875
3 0.4546875 0.11953125 0.0703125 0.08125
3 0.7796875 0.1671875 0.0796875 0.0921875
6 0.5125 0.14765625 0.0453125 0.0796875
6 0.66640625 0.0625 0.040625 0.0546875
1 0.5484375 0.0828125 0.034375 0.05
5 0.6140625 0.14609375 0.084375 0.0765625
0 0.6 0.0828125 0.071875 0.075
0 0.715625 0.09609375 0.0515625 0.075
5 0.8234375 0.13046875 0.05 0.0703125
1 0.784375 0.0890625 0.059375 0.0734375
1 0.645607196875 0.0382468953125 0.674966375 0.0361316609375 0.68546240625 0.0692663484375 0.763875096875 0.084202821875 0.7660293296875 0.062057342187499996 0.7965382937500001 0.058196140625000004 0.814797340625 0.102191684375 0.895762015625 0.1236337734375 0.330570415625 0.577031959375 0.1751569828125 0.25057666562500003 0.1485665109375 0.27208039687499996 0.33223798437499996 0.746255396875 0.9265259828125 0.159964984375 0.9049577281250001 0.07947116562499999 0.6521821437499999 0.0235441921875 0.6372705843750001 0.043356450000000005 0.6464714828125 0.059583564062500004 0.645607196875 0.0382468953125
3 0.5578125 0.17265625 0.0453125 0.059375