2 0.13046875 0.02734375 0.0703125 0.0546875
2 0.296875 0.0171875 0.06875 0.034375
2 0.4515625 0.015625 0.053125 0.03125
2 0.58515625 0.015625 0.0578125 0.0234375
2 0.934375 0.08359375 0.071875 0.0875
0 0.4390625 0.3515625 0.071875 0.128125
1 0.65234375 0.29453125 0.0796875 0.121875
0 0.53984375 0.1953125 0.0796875 0.115625
6 0.43046875 0.17265625 0.0703125 0.1109375
3 0.59375 0.12890625 0.0609375 0.075
3 0.88046875 0.2890625 0.06875 0.084375
6 0.6375 0.175 0.034375 0.078125
6 0.8125 0.15078125 0.034375 0.0515625
1 0.69453125 0.12734375 0.028125 0.0484375
5 0.7328125 0.21015625 0.0765625 0.06875
0 0.74296875 0.14609375 0.0640625 0.06875
0 0.84609375 0.2 0.0421875 0.071875
5 0.934375 0.2703125 0.040625 0.0671875
1 0.91328125 0.21796875 0.0515625 0.06875
1 1 0.2918526546875 0.31421807031250004 0.511197396875 0.286118246875 0.15072993125 0.253587653125 0.1612762203125 0.255130625 0.6697786890625 1 0.3441695125 1 0.2918526546875
3 0.67109375 0.21484375 0.0375 0.05625