2 0.0296875 0.11015625 0.059375 0.0984375
2 0.18359375 0.06796875 0.0703125 0.0640625
2 0.33515625 0.0375 0.0546875 0.04375
2 0.46484375 0.0109375 0.0578125 0.021875
2 0.8203125 0.01796875 0.075 0.0359375
0 0.40546875 0.3703125 0.075 0.1296875
1 0.59765625 0.2640625 0.0828125 0.1234375
0 0.46484375 0.19453125 0.0828125 0.1171875
6 0.35390625 0.19921875 0.075 0.1125
3 0.5015625 0.1171875 0.0625 0.0765625
3 0.81796875 0.20390625 0.071875 0.0859375
6 0.55546875 0.1515625 0.0375 0.078125
6 0.71875 0.0859375 0.0359375 0.0515625
1 0.5984375 0.09140625 0.028125 0.0484375
5 0.65625 0.1625 0.078125 0.0703125
0 0.65 0.09765625 0.065625 0.0703125
0 0.76328125 0.125 0.04375 0.071875
5 0.865625 0.17265625 0.0421875 0.06875
1 0.8328125 0.1265625 0.053125 0.0703125
1 0.7007954109375001 0.0594337875 0.7301935312500001 0.060912303125 0.736573225 0.09507915312500001 0.812581140625 0.1194603953125 0.8174181703125001 0.09774251875 0.8481702890625 0.09762820625 0.860931528125 0.1435210328125 0.938679571875 0.1746704078125 0.32244548281249996 0.555809503125 0.207975371875 0.21284742343750002 0.1789624546875 0.23095030625000001 0.3034774734375 0.7239747999999999 0.9647865671875 0.2144799953125 0.9531888078125 0.13195765625 0.7091131578125001 0.045641959375 0.6918982390624999 0.063489278125 0.69905296875 0.0807167453125 0.7007954109375001 0.0594337875
3 0.59765625 0.18203125 0.0390625 0.0578125