4 0.1561519546875 0.682487984375 0.27027286093749997 0.4762177578125 0.249675725 0.4654545875 0.09924138906249999 0.7025008703125 0.111941828125 0.75277931875 0.9807709250000001 0.6166562890625 0.982434696875 0.5723688328125001 0.7476477234375001 0.3850978453125 0.7393571921875 0.40628737968750006 0.9111633187500001 0.56236099375 0.1561519546875 0.682487984375
2 0.053125 0.44453125 0.10625 0.1734375
2 0.1359375 0.38203125 0.0859375 0.1375
2 0.2296875 0.35625 0.0734375 0.128125
2 0.37890625 0.3265625 0.065625 0.125
2 0.54453125 0.2875 0.065625 0.125
2 0.67109375 0.2734375 0.0765625 0.128125
2 0.80546875 0.26484375 0.0796875 0.1265625
2 0.9125 0.25078125 0.0765625 0.128125
3 0.36875 0.45546875 0.0546875 0.0625
5 0.30546875 0.51953125 0.0609375 0.078125
6 0.29453125 0.60234375 0.075 0.096875
1 0.46015625 0.44140625 0.03125 0.065625
6 0.40859375 0.52109375 0.034375 0.065625
6 0.5796875 0.4515625 0.0515625 0.0734375
5 0.43359375 0.58359375 0.06875 0.09375
0 0.52890625 0.49140625 0.0671875 0.084375
1 0.6046875 0.5765625 0.075 0.1015625
3 0.60703125 0.409375 0.03125 0.046875
3 0.7140625 0.425 0.053125 0.0734375
1 0.6546875 0.51171875 0.0421875 0.06875
0 0.73515625 0.53984375 0.0734375 0.1015625
0 0.75859375 0.45078125 0.0328125 0.0640625
5 0.80546875 0.51640625 0.0453125 0.0765625