4 0.1697192703125 0.7060290796875 0.2691735 0.49230064531249995 0.24787573593749998 0.48300047656249995 0.11434336406250001 0.7299630953125 0.1305201125 0.7792331296875 0.9877373234375 0.5828352359375 0.9863077046875001 0.5385396015625 0.739029296875 0.368102709375 0.73223706875 0.3898189453125 0.914511828125 0.5335277828125 0.1697192703125 0.7060290796875
2 0.05390625 0.47578125 0.1078125 0.1765625
2 0.12890625 0.4078125 0.09375 0.140625
2 0.2203125 0.37578125 0.08125 0.1296875
2 0.3671875 0.3359375 0.0734375 0.1265625
2 0.5296875 0.28515625 0.0734375 0.1265625
2 0.6546875 0.26171875 0.084375 0.13125
2 0.78828125 0.24375 0.0859375 0.1296875
2 0.89375 0.22265625 0.084375 0.13125
3 0.36640625 0.46484375 0.0578125 0.065625
5 0.30703125 0.5328125 0.065625 0.0796875
6 0.3015625 0.61640625 0.0796875 0.1
1 0.45625 0.44453125 0.034375 0.0671875
6 0.41015625 0.52734375 0.0390625 0.0671875
6 0.5765625 0.44609375 0.05625 0.0765625
5 0.43984375 0.58828125 0.0734375 0.096875
0 0.528125 0.4890625 0.071875 0.0875
1 0.61015625 0.56953125 0.08125 0.1046875
3 0.60078125 0.4015625 0.034375 0.046875
3 0.70859375 0.41015625 0.0578125 0.0765625
1 0.6546875 0.50078125 0.046875 0.0703125
0 0.7375 0.52265625 0.0796875 0.1046875
0 0.75390625 0.4328125 0.0359375 0.0640625
5 0.80546875 0.4953125 0.05 0.078125