4 0.11782215625 0.5739826875 0.28726409999999997 0.4100912140625 0.27071380624999997 0.393776321875 0.057547109375 0.5764820671875001 0.0549926046875 0.628276834375 0.925656525 0.7521227781250001 0.9401959968750001 0.7102569140625 0.7704208343750001 0.4625237109375 0.756297340625 0.4803634453125 0.874964846875 0.6798486359375 0.11782215625 0.5739826875
2 0.08828125 0.31640625 0.109375 0.1734375
2 0.18671875 0.28125 0.0875 0.1375
2 0.28359375 0.28359375 0.0765625 0.128125
2 0.434375 0.29921875 0.0671875 0.125
2 0.6046875 0.31015625 0.0671875 0.125
2 0.7296875 0.3328125 0.078125 0.1296875
2 0.8609375 0.3640625 0.08125 0.1265625
2 0.96328125 0.38203125 0.0734375 0.1296875
3 0.3875 0.41875 0.0546875 0.0640625
5 0.30859375 0.46171875 0.0625 0.078125
6 0.2734375 0.5375 0.0765625 0.0984375
1 0.47890625 0.4328125 0.03125 0.065625
6 0.40625 0.49296875 0.0359375 0.0671875
6 0.590625 0.47734375 0.053125 0.075
5 0.4125 0.56015625 0.0703125 0.0953125
0 0.5296875 0.5 0.06875 0.0859375
1 0.57734375 0.60390625 0.0765625 0.1015625
3 0.62890625 0.44453125 0.0328125 0.046875
3 0.7265625 0.490625 0.0546875 0.075
1 0.64453125 0.55625 0.04375 0.06875
0 0.71328125 0.60625 0.075 0.103125
0 0.7609375 0.52890625 0.0328125 0.0640625
5 0.7875 0.6046875 0.046875 0.078125