6 0.26171875 0.340625 0.1328125 0.153125
0 0.6 0.37890625 0.090625 0.1328125
1 0.528125 0.2109375 0.0890625 0.10625
5 0.3609375 0.25234375 0.1 0.11875
3 0.26015625 0.19765625 0.071875 0.096875
1 0.29609375 0.13359375 0.0359375 0.0484375
6 0.36953125 0.178125 0.05 0.0640625
3 0.45546875 0.18515625 0.046875 0.0765625
3 0.528125 0.10703125 0.05 0.053125
5 0.42578125 0.13671875 0.05 0.0625
0 0.35078125 0.11484375 0.0625 0.0625
0 0.434375 0.0859375 0.0484375 0.05625
5 0.5109375 0.07890625 0.0375 0.0328125
1 0.465625 0.06796875 0.028125 0.0515625
6 0.36328125 0.07890625 0.0390625 0.0328125
4 0.48390425937500003 0.0586862421875 0.5366805140625 0.055070362500000004 0.8092682812499999 0.47378525937499993 0.0812274859375 0.567831290625 0.06530183125 0.5972492546875 0.0914625359375 0.65911614375 0.9095035171875001 0.5887536812499999 0.9134824140625 0.5114198812499999 0.540345446875 0.0302997953125 0.49458509531250006 0.0369377734375 0.48390425937500003 0.0586862421875
2 0.01796875 0.1484375 0.0359375 0.0875
2 0.08046875 0.10078125 0.05 0.0328125