6 0.303125 0.290625 0.10625 0.1328125
0 0.625 0.4046875 0.065625 0.121875
1 0.5921875 0.225 0.0703125 0.09375
5 0.4203125 0.22734375 0.078125 0.1046875
3 0.334375 0.1515625 0.053125 0.0875
1 0.38359375 0.09765625 0.0265625 0.04375
6 0.4453125 0.15703125 0.0390625 0.0578125
3 0.52734375 0.1828125 0.0328125 0.071875
3 0.61640625 0.1234375 0.040625 0.0453125
5 0.509375 0.1296875 0.0390625 0.05625
0 0.44140625 0.090625 0.053125 0.053125
0 0.5296875 0.08125 0.0390625 0.05
5 0.60546875 0.0921875 0.0328125 0.0265625
1 0.56328125 0.07109375 0.01875 0.05
6 0.4609375 0.059375 0.034375 0.025
4 0.5835907875 0.06637633125 0.6358277859375 0.0747252 0.8072387890625 0.5440273671875 0.076701878125 0.4718894609375 0.054566793749999995 0.49697095156250004 0.06613998125000001 0.5631370734375001 0.8790427359375 0.678597178125 0.900315971875 0.6041404953125 0.6449709515625 0.05141393125 0.598890215625 0.047587940625000005 0.5835907875 0.06637633125
2 0.084375 0.04296875 0.0734375 0.0734375
2 0.790625 0.01875 0.040625 0.0375
2 0.18125 0.01640625 0.046875 0.0234375