6 0.32265625 0.27421875 0.1140625 0.1375
0 0.6328125 0.41640625 0.071875 0.125
1 0.615625 0.234375 0.075 0.096875
5 0.44453125 0.22109375 0.0828125 0.1078125
3 0.365625 0.13828125 0.0578125 0.090625
1 0.41875 0.08828125 0.028125 0.0453125
6 0.47578125 0.15390625 0.040625 0.059375
3 0.5546875 0.18671875 0.0359375 0.0734375
3 0.6484375 0.13515625 0.04375 0.046875
5 0.54140625 0.13203125 0.0421875 0.0578125
0 0.47734375 0.0875 0.0546875 0.05625
0 0.565625 0.0859375 0.0421875 0.0515625
5 0.640625 0.10234375 0.034375 0.028125
1 0.60078125 0.07890625 0.0203125 0.05
6 0.5 0.0578125 0.0359375 0.0265625
4 0.6210654921875001 0.07531181718749999 0.6723760609375 0.088181671875 0.8022324140625001 0.5706374546874999 0.08076265 0.43510356874999995 0.0565258015625 0.458160415625 0.062288190624999996 0.5250834265625001 0.86203459375 0.7109533124999999 0.8897162062499999 0.6386340453125 0.6835161453125 0.0657559875 0.6379442171874999 0.0579283546875 0.6210654921875001 0.07531181718749999
2 0.12578125 0.0234375 0.0765625 0.046875
2 0.8328125 0.0453125 0.04375 0.0421875