2 0.15 0.01953125 0.046875 0.0390625
2 0.29296875 0.00234375 0.0453125 0.0046875
10 0.7203125 0.0234375 0.1109375 0.040625
10 0.63828125 0.00703125 0.0421875 0.009375
8 0.87265625 0.1078125 0.2546875 0.190625
2 0.9890625 0.046875 0.021875 0.078125
0 0.5984375 0.325 0.0515625 0.1140625
1 0.48203125 0.1984375 0.0671875 0.0953125
6 0.24453125 0.371875 0.125 0.153125
3 0.16171875 0.20859375 0.0796875 0.096875
5 0.325 0.25546875 0.0921875 0.115625
3 0.4 0.1734375 0.0375 0.0640625
6 0.303125 0.18125 0.0390625 0.065625
1 0.18203125 0.1375 0.0359375 0.04375
0 0.24609375 0.11484375 0.0546875 0.0640625
5 0.3515625 0.13828125 0.0328125 0.0609375
3 0.4375 0.1015625 0.04375 0.0421875
5 0.40703125 0.07734375 0.0265625 0.040625
0 0.334375 0.084375 0.0421875 0.05
1 0.36015625 0.0640625 0.0203125 0.04375
6 0.240625 0.07734375 0.040625 0.0234375
4 0.446875 0.4375 0.76875 0.834375