2 0.19375 0.00625 0.05 0.0125
10 0.7609375 0.04453125 0.1140625 0.05
10 0.68046875 0.02109375 0.0421875 0.0125
8 0.88515625 0.1421875 0.2296875 0.2125
0 0.61328125 0.334375 0.0609375 0.1171875
1 0.50859375 0.19765625 0.075 0.1
6 0.25625 0.35 0.1375 0.1625
3 0.1890625 0.18046875 0.0875 0.103125
5 0.34765625 0.24140625 0.1015625 0.1234375
3 0.42890625 0.165625 0.0421875 0.0671875
6 0.33203125 0.16484375 0.0453125 0.06875
1 0.21484375 0.1109375 0.040625 0.046875
0 0.28046875 0.09453125 0.059375 0.0671875
5 0.38359375 0.1265625 0.0375 0.0625
3 0.47265625 0.096875 0.046875 0.0453125
5 0.44453125 0.07109375 0.03125 0.04375
0 0.37109375 0.071875 0.046875 0.053125
1 0.3984375 0.053125 0.0234375 0.0453125
6 0.27890625 0.05625 0.0421875 0.0265625
4 0.45234375 0.440625 0.8359375 0.88125