2 0.17421875 0.2390625 0.0890625 0.1265625
2 0.2640625 0.23515625 0.078125 0.109375
2 0.32890625 0.25078125 0.0765625 0.115625
2 0.440625 0.27578125 0.0796875 0.125
2 0.59140625 0.3203125 0.078125 0.121875
2 0.715625 0.36796875 0.0859375 0.140625
2 0.86953125 0.42890625 0.1203125 0.175
6 0.1546875 0.40078125 0.0765625 0.0890625
5 0.22734375 0.3640625 0.065625 0.078125
5 0.21953125 0.44375 0.05 0.075
6 0.26875 0.4015625 0.0359375 0.05625
3 0.3171875 0.3546875 0.059375 0.065625
1 0.29609375 0.509375 0.0875 0.103125
0 0.35625 0.43359375 0.059375 0.0796875
1 0.3765625 0.3796875 0.040625 0.0578125
1 0.4046875 0.5015625 0.0453125 0.06875
6 0.43515625 0.434375 0.034375 0.065625
3 0.5078125 0.4265625 0.0375 0.0640625
0 0.55859375 0.52578125 0.0515625 0.078125
0 0.41796875 0.55546875 0.0703125 0.1078125
5 0.49921875 0.5859375 0.059375 0.09375
3 0.5640625 0.48125 0.0515625 0.05625
4 0.5238842109374999 0.7736738265625 0.6488828234375 0.47989827500000004 0.631956003125 0.4699183765625 0.5243099796874999 0.6981647343749999 0.066176225 0.4000101734375 0.2615914640625 0.34041893125 0.2608516546875 0.31571061093749997 0.0224967328125 0.376857721875 0.013382071875000002 0.4134146328125 0.5238842109374999 0.7736738265625