2 0.03046875 0.13125 0.05625 0.05625
2 0.1640625 0.07734375 0.0453125 0.0203125
10 0.58046875 0.00703125 0.1171875 0.0140625
8 0.75390625 0.071875 0.2984375 0.14375
0 0.54609375 0.3046875 0.078125 0.121875
1 0.39921875 0.21484375 0.0875 0.1078125
6 0.21875 0.44765625 0.15625 0.1765625
3 0.09453125 0.31328125 0.1 0.1125
5 0.26484375 0.31328125 0.1171875 0.134375
3 0.3140625 0.21328125 0.0515625 0.071875
6 0.22265625 0.24765625 0.053125 0.071875
1 0.09453125 0.2390625 0.0453125 0.0515625
0 0.14921875 0.2 0.06875 0.075
5 0.2578125 0.19296875 0.0453125 0.065625
3 0.3296875 0.13359375 0.0515625 0.0515625
5 0.29453125 0.11875 0.0359375 0.046875
0 0.2265625 0.14609375 0.053125 0.0578125
1 0.2453125 0.11953125 0.0296875 0.046875
6 0.134375 0.16484375 0.0453125 0.0328125
4 0.4515625 0.47421875 0.903125 0.9484375