2 0.09140625 0.415625 0.0875 0.1265625
2 0.16953125 0.37109375 0.0765625 0.109375
2 0.234375 0.35625 0.075 0.115625
2 0.3453125 0.32734375 0.0765625 0.125
2 0.5 0.29765625 0.0765625 0.121875
2 0.63203125 0.284375 0.0828125 0.1390625
2 0.796875 0.26875 0.1171875 0.1734375
6 0.146875 0.56875 0.075 0.0890625
5 0.1953125 0.503125 0.065625 0.0765625
5 0.22421875 0.57734375 0.0484375 0.075
6 0.24921875 0.5171875 0.0359375 0.05625
3 0.27109375 0.453125 0.059375 0.0640625
1 0.32265625 0.60078125 0.0859375 0.1015625
0 0.3421875 0.50625 0.059375 0.0796875
1 0.3359375 0.44921875 0.040625 0.05625
1 0.415625 0.54453125 0.0453125 0.06875
6 0.4125 0.47109375 0.034375 0.065625
3 0.4734375 0.43046875 0.0359375 0.0625
0 0.5640625 0.49609375 0.05 0.078125
0 0.4515625 0.58671875 0.06875 0.1078125
5 0.53828125 0.5765625 0.0578125 0.09375
3 0.5484375 0.45390625 0.0515625 0.0546875
4 0.6455263062500001 0.7330019609375 0.623529575 0.41449784375 0.6039168874999999 0.41329030468749994 0.6116252578125 0.6655295703124999 0.06806575468750001 0.607860284375 0.2151281484375 0.4660474375 0.20325163124999998 0.444368028125 0.01863605 0.6070613734375 0.0271113171875 0.6437717890625 0.6455263062500001 0.7330019609375