7 0.49609375 0.72734375 0.7296875 0.5453125
11 0.53828125 0.096875 0.0640625 0.046875
10 0.11796875 0.06796875 0.0859375 0.1359375
10 0.1640625 0.059375 0.065625 0.11875
10 0.203125 0.05390625 0.0625 0.1078125
10 0.2328125 0.0484375 0.040625 0.096875
10 0.2578125 0.04140625 0.040625 0.0828125
9 0.30859375 0.05859375 0.1109375 0.1171875
8 0.08828125 0.12421875 0.021875 0.03125
2 0.3453125 0.0515625 0.03125 0.0578125
2 0.42734375 0.05859375 0.025 0.0609375
2 0.5140625 0.06640625 0.0265625 0.05
2 0.61484375 0.0796875 0.025 0.05625
2 0.63046875 0.08671875 0.0234375 0.0609375
2 0.6484375 0.10546875 0.0390625 0.0765625
2 0.67734375 0.13828125 0.053125 0.10625
2 0.7359375 0.19296875 0.08125 0.1546875
2 0.86640625 0.33125 0.1484375 0.2546875