0 0.599893609375 0.13677279375 0.5884699875 0.189726915625 0.598775021875 0.2006585546875 0.6088470375 0.19870759531249998 0.61484019375 0.1901132671875 0.626672903125 0.1458061265625 0.6195888453125 0.131341840625 0.605574334375 0.129531759375 0.599893609375 0.13677279375
3 0.2292729046875 0.06118621875 0.20694184999999998 0.0745611796875 0.20002863906249999 0.11145154374999999 0.20465294687500002 0.1296242171875 0.2390445078125 0.14041497812499998 0.26715294218749996 0.1297992546875 0.2737709640625 0.11849834374999998 0.27795170156250004 0.07955171718750001 0.271180075 0.063734140625 0.2292729046875 0.06118621875
1 0.19706836875 0.0409224140625 0.193455546875 0.0600442421875 0.19932958437499998 0.07280375 0.21826359375 0.06719705468750001 0.228551384375 0.05389253125 0.22603468750000003 0.040482704687499996 0.22012094375000002 0.0348411421875 0.20870254375 0.032204996875 0.19706836875 0.0409224140625
1 0.50703125 0.0984375 0.0640625 0.0765625
3 0.4359375 0.071875 0.028125 0.034375
0 0.26953125 0.03125 0.05625 0.0609375
6 0.334375 0.025 0.05 0.05
6 0.23203125 0.01796875 0.0453125 0.0359375
5 0.39609375 0.0140625 0.0296875 0.028125
6 0.3578125 0.08828125 0.0390625 0.065625
5 0.37734375 0.0578125 0.0421875 0.0484375
4 0.416553225 0 0.412051928125 0.0335383859375 0.4487496328125 0.0135022703125 0.6716991718750001 0.1904113953125 0.395239121875 0.31474131875 0.40477770468749996 0.38108748124999997 0.725803209375 0.22000736562499998 0.7328355421875 0.16176316875000002 0.4496371609375 0 0.416553225 0
10 0.90234375 0.13046875 0.121875 0.11875
10 0.96953125 0.17578125 0.0609375 0.1609375