7 0.47890625 0.715625 0.7609375 0.56875
11 0.56640625 0.10078125 0.065625 0.05
10 0.14921875 0.05625 0.0953125 0.1125
10 0.196875 0.0484375 0.075 0.096875
10 0.23671875 0.04453125 0.0703125 0.0890625
10 0.26484375 0.03984375 0.0484375 0.0796875
10 0.290625 0.034375 0.046875 0.06875
9 0.340625 0.05390625 0.11875 0.1078125
8 0.115625 0.096875 0.025 0.0328125
2 0.3765625 0.04140625 0.0359375 0.059375
2 0.45859375 0.0546875 0.028125 0.0609375
2 0.54375 0.06796875 0.0296875 0.0515625
2 0.64375 0.08828125 0.0296875 0.0578125
2 0.659375 0.096875 0.028125 0.0625
2 0.675 0.11640625 0.04375 0.0796875
2 0.70234375 0.1515625 0.059375 0.1078125
2 0.75703125 0.21015625 0.090625 0.1578125
2 0.87734375 0.35703125 0.1640625 0.2625