0 0.4630897296875 0.125099521875 0.4714019203125 0.17863031406250002 0.484940046875 0.1851428828125 0.49364392187500006 0.17971201875 0.496159084375 0.1695407671875 0.49132761093750005 0.12393602343750001 0.47953053749999996 0.11297114999999999 0.4657981890625 0.11630364374999999 0.4630897296875 0.125099521875
3 0.0899976875 0.18735195625 0.07394300937500001 0.20784129375 0.0807092953125 0.24475888750000002 0.0915389625 0.2600673375 0.1275133125 0.257816546875 0.1499504625 0.23783275312500002 0.152079034375 0.22491075781249997 0.142024865625 0.18705270624999998 0.1300344953125 0.174712459375 0.0899976875 0.18735195625
1 0.052670265625000004 0.1799751390625 0.056150056250000004 0.1991216234375 0.066206540625 0.20892858281249999 0.0818737015625 0.1969089390625 0.0867102671875 0.18080128281250002 0.079555075 0.16918403437500001 0.0720123640625 0.166036478125 0.060407660937499996 0.1676674125 0.052670265625000004 0.1799751390625
1 0.3625 0.12265625 0.059375 0.0734375
3 0.28671875 0.12265625 0.0265625 0.0328125
0 0.1171875 0.1453125 0.053125 0.0578125
6 0.17421875 0.11171875 0.0453125 0.05625
6 0.07578125 0.13984375 0.0421875 0.046875
5 0.228125 0.0796875 0.0265625 0.0359375
6 0.21953125 0.16640625 0.034375 0.0640625
5 0.22734375 0.13125 0.0390625 0.0453125
4 0.549348353125 0.149442659375 0.33580652031249997 0.3645890625 0.36848789375 0.4231102171875 0.6104650703125001 0.15768372343749998 0.5961574640625 0.10078791875 0.2147587890625 0.0421869421875 0.16333938750000002 0.068022015625 0.18980693906249999 0.066731771875 0.1932867296875 0.0858782546875 0.21688365625 0.07414669375 0.24106139531249998 0.055320812500000004 0.250728509375 0.0960383375 0.27780846718749996 0.06418173125 0.549348353125 0.149442659375
10 0.7421875 0.03359375 0.115625 0.0671875
10 0.8578125 0.04609375 0.125 0.0921875
2 0.04765625 0.07265625 0.0625 0.0359375