0 0.5613788 0.128320865625 0.5555529703125 0.1821789921875 0.5669442203124999 0.1919735765625 0.5767571296875 0.1889804921875 0.581819103125 0.179806790625 0.588955634375 0.1345055140625 0.5803984546875001 0.12086095156250001 0.5662715109375 0.1205257 0.5613788 0.128320865625
3 0.1848874453125 0.0918887734375 0.16407678750000002 0.10752469687499999 0.161057540625 0.14493559843749998 0.167556078125 0.1625253484375 0.20288717968749997 0.16966209999999998 0.22973198906249997 0.1561663984375 0.2351324890625 0.14423562343750002 0.23521929218749998 0.10506534375000001 0.226831375 0.0900422453125 0.1848874453125 0.0918887734375
1 0.15074118593750002 0.0751022671875 0.1491469296875 0.09449698749999999 0.1563225203125 0.1065725921875 0.1745667484375 0.0990174671875 0.18340748125 0.0847104609375 0.1795028609375 0.0716371609375 0.173031809375 0.0666446578125 0.161400409375 0.0652165015625 0.15074118593750002 0.0751022671875
1 0.46484375 0.1 0.0578125 0.071875
3 0.39140625 0.08046875 0.025 0.0328125
0 0.221875 0.0578125 0.0515625 0.05625
6 0.2859375 0.040625 0.0453125 0.05625
6 0.1828125 0.0421875 0.040625 0.046875
5 0.34609375 0.0234375 0.0265625 0.0359375
6 0.315625 0.1046875 0.0328125 0.0640625
5 0.33203125 0.0734375 0.0390625 0.0453125
4 0.3069170875 0 0.31251458125 0.00121115625 0.3109203265625 0.020605875000000003 0.33674955781250004 0.015381390625 0.3649759578125 0.0034546453125 0.3637752015625 0.045286787499999995 0.398177528125 0.021524478125 0.6383977640625 0.17415990312500002 0.37644820625 0.326706678125 0.3928696 0.3916923359375 0.6952990359375 0.1979383328125 0.69620466875 0.13927812343749998 0.3794468234375 0 0.3069170875 0
10 0.8609375 0.08984375 0.1140625 0.1109375
10 0.9546875 0.125 0.090625 0.153125