7 0.5046875 0.7328125 0.7125 0.534375
11 0.52421875 0.09609375 0.0625 0.04375
10 0.10390625 0.075 0.08125 0.146875
10 0.14921875 0.06640625 0.0625 0.1265625
10 0.18828125 0.059375 0.059375 0.1171875
10 0.2171875 0.05234375 0.0375 0.1046875
10 0.240625 0.0453125 0.0375 0.090625
9 0.29375 0.0609375 0.10625 0.121875
8 0.07578125 0.1390625 0.021875 0.03125
2 0.3296875 0.05703125 0.0296875 0.05625
2 0.4125 0.06171875 0.021875 0.059375
2 0.4984375 0.06640625 0.025 0.05
2 0.6 0.07578125 0.0234375 0.05625
2 0.61640625 0.0828125 0.021875 0.0609375
2 0.634375 0.10078125 0.0359375 0.0765625
2 0.66484375 0.13203125 0.0484375 0.1046875
2 0.725 0.18515625 0.0765625 0.153125
2 0.86015625 0.31875 0.1390625 0.2515625