6 0.58605530625 0.45402754375 0.574525578125 0.43616685000000005 0.52833955 0.39426494375 0.5162330875000001 0.387745209375 0.4999090046875 0.39454929375000003 0.45366381875000006 0.427185440625 0.4423816921875 0.44584677343749995 0.4522786671875 0.5033397109375 0.46255747812500003 0.5382729484375 0.5216743046875 0.61187565625 0.5377811171875 0.6036997796875 0.590461371875 0.5517638 0.5941246312499999 0.539933984375 0.5921612421875 0.4825906890625 0.58605530625 0.45402754375
0 0.6939464734375 0.2063222046875 0.667711003125 0.2104774953125 0.6575375984375 0.22615081875 0.6560246671875001 0.2615454828125 0.6599355296875 0.28623769062500004 0.67047635625 0.3028488078125 0.6790617515624999 0.30711382187499997 0.7058515843750001 0.301464528125 0.7116124687500001 0.28789627812499996 0.710420709375 0.230430771875 0.70417258125 0.2159521609375 0.6939464734375 0.2063222046875
3 0.1813817953125 0.37609517187499997 0.175231115625 0.367225934375 0.1610270296875 0.36244463125 0.10602392187500001 0.369750065625 0.08027569531249999 0.401952215625 0.06687357187500001 0.43219893593750003 0.07297950625 0.46076208281250003 0.0949078671875 0.5093184296875 0.1228815 0.516137453125 0.17016829218750001 0.5100541625 0.1983736078125 0.46340083437499996 0.20283087187499999 0.4416018484375 0.196507665625 0.4116669125 0.1813817953125 0.37609517187499997
3 0.3684681265625 0.28880934375 0.3745213578125 0.2920692109375 0.3980297671875 0.27569003125 0.400704125 0.262610640625 0.387623175 0.1999971875 0.3745278125 0.192227878125 0.35555174218749996 0.2022644 0.3684681265625 0.28880934375
1 0.4796118921875 0.1615221796875 0.465722525 0.1637220390625 0.4400190421875 0.1762302796875 0.43524705937499997 0.191048103125 0.4450465859375 0.24293167031250001 0.45920592656250003 0.26740688125 0.46701969062500004 0.2717941078125 0.5086877921874999 0.265194528125 0.518089565625 0.24964342031250003 0.508866771875 0.1864188953125 0.49502214999999994 0.16892484531250002 0.4796118921875 0.1615221796875
0 0.06587520625 0.2411136484375 0.05758215625 0.25367675 0.083518828125 0.3325346765625 0.09916872812500001 0.331462178125 0.13965303125 0.31239428125 0.1439681 0.3046798328125 0.1347005625 0.26114921562500004 0.1143905421875 0.2278047671875 0.09080705624999999 0.228727621875 0.06587520625 0.2411136484375
1 0.014671096875000001 0.3223460640625 0.0015086171875 0.34411761875 0.006625649999999999 0.37143119062499996 0.015068851562499999 0.389780740625 0.029250565625000002 0.40440899531249996 0.055725679687499995 0.391778540625 0.0652472734375 0.3719898484375 0.0583920796875 0.3337019609375 0.043775825000000004 0.316330125 0.014671096875000001 0.3223460640625
6 0 0.2823093125 0.0008712203125 0.28515810468749997 0.013075129687500001 0.2972872109375 0.049027092187499996 0.2845619734375 0.0609610296875 0.27001600937500003 0.0570501671875 0.24532379999999998 0.051019309375 0.2322169796875 0.0419993734375 0.22520838593749998 0.0037325171875 0.23830026875 0 0.24505805781249998 0 0.2823093125
0 0.1625 0.19921875 0.0625 0.0796875
5 0.2328125 0.15390625 0.034375 0.05
3 0.296875 0.159375 0.05625 0.0734375
1 0.15625 0.146875 0.0359375 0.03125
4 0.48182933749999995 0.1555461640625 0.508866771875 0.1864188953125 0.660624125 0.2256619609375 0.6887623234375 0.2085494953125 0.7274940515625 0.233351425 0.7975032093750001 0.2658553125 0.8679385140625 0.9353010125000001 0.9532301500000001 0.934447959375 0.8206138640624999 0.1820414546875 0.1939197875 0.095681440625 0.1439416265625 0.1298353796875 0.1802556484375 0.144250278125 0.22271775468750002 0.12768153124999998 0.27975137031249997 0.1481785265625 0.292479309375 0.1236633921875 0.32539745 0.1367302921875 0.33690480625 0.164437940625 0.44906135 0.1733919171875 0.48182933749999995 0.1555461640625
6 0.290625 0.296875 0.0625 0.1015625
5 0.2671875 0.22734375 0.06875 0.0625
2 0.0796875 0.0796875 0.0609375 0.0453125
8 0.5890625 0.03515625 0.284375 0.0703125
10 0.78984375 0.03515625 0.1265625 0.0703125
10 0.8875 0.0421875 0.103125 0.084375
5 0.421875 0.34765625 0.1078125 0.1453125