2 0.83046875 0.35 0.128125 0.2078125
2 0.678125 0.30625 0.09375 0.1546875
2 0.53203125 0.28203125 0.0671875 0.1140625
2 0.4578125 0.26640625 0.046875 0.096875
2 0.41640625 0.2609375 0.04375 0.0859375
2 0.35078125 0.27734375 0.053125 0.096875
2 0.2359375 0.31015625 0.059375 0.103125
2 0.125 0.33984375 0.0640625 0.115625
1 0.3015625 0.4796875 0.053125 0.065625
6 0.28203125 0.396875 0.0375 0.046875
5 0.29609375 0.42734375 0.034375 0.0515625
5 0.3390625 0.371875 0.0359375 0.0546875
6 0.34140625 0.40078125 0.0265625 0.0390625
6 0.44296875 0.42890625 0.0375 0.05625
0 0.38359375 0.421875 0.05 0.0609375
0 0.35 0.5265625 0.053125 0.0890625
1 0.378125 0.47890625 0.0328125 0.0546875
3 0.4046875 0.3609375 0.0328125 0.0453125
3 0.5171875 0.41953125 0.03125 0.0515625
3 0.52578125 0.4828125 0.04375 0.075
0 0.490625 0.51484375 0.0390625 0.0734375
5 0.3953125 0.5609375 0.0390625 0.08125
1 0.43046875 0.3796875 0.034375 0.05
4 0.6321610234375 0.5180112484375 0.628844628125 0.486457853125 0.6150768671875 0.482318771875 0.3174345765625 0.6408146046875001 0.23645111874999997 0.4040799640625 0.38475911875 0.35260245625 0.382479096875 0.33090949531249997 0.21267085312499998 0.38065902500000004 0.31511578125 0.7148316109375 0.6321610234375 0.5180112484375