2 0.853125 0.415625 0.125 0.20625
2 0.71171875 0.34375 0.090625 0.153125
2 0.5734375 0.2921875 0.0640625 0.1125
2 0.503125 0.2625 0.0453125 0.0953125
2 0.4640625 0.25 0.04375 0.0859375
2 0.39609375 0.253125 0.0515625 0.096875
2 0.2765625 0.26328125 0.0578125 0.103125
2 0.1625 0.27109375 0.0625 0.115625
1 0.30859375 0.4421875 0.053125 0.065625
6 0.30546875 0.3578125 0.0375 0.0453125
5 0.31328125 0.38984375 0.0328125 0.0515625
5 0.36640625 0.34296875 0.0359375 0.0546875
6 0.36328125 0.371875 0.0265625 0.0390625
6 0.4578125 0.41953125 0.0359375 0.05625
0 0.40078125 0.40078125 0.0484375 0.0609375
0 0.34765625 0.49765625 0.0515625 0.0890625
1 0.384375 0.45625 0.0328125 0.053125
3 0.4328125 0.3453125 0.0328125 0.0453125
3 0.5328125 0.42421875 0.03125 0.0515625
3 0.528125 0.48828125 0.0421875 0.0734375
0 0.4875 0.51328125 0.0375 0.0734375
5 0.3859375 0.53984375 0.0375 0.08125
1 0.4546875 0.36875 0.034375 0.05
4 0.6262961453125 0.5428978437499999 0.629061353125 0.5112913734375 0.61633631875 0.5046013265625 0.2939201234375 0.60339231875 0.259595659375 0.35555478749999997 0.4150011953125 0.3333215671875 0.4169022765625 0.31159211875000004 0.24072123125 0.32802666875000003 0.277520821875 0.675606978125 0.6262961453125 0.5428978437499999