6 0.5970106765625001 0.489611965625 0.5930112328125 0.4687327078125 0.565885021875 0.4125803453125 0.5571024421875 0.40200019375 0.5394181609375 0.4021937203125 0.4843146546875 0.4151296765625 0.46686339062500004 0.4282058046875 0.45450247343749994 0.4852198 0.4509466 0.52145984375 0.4781867078125 0.6118486390625 0.496183421875 0.6103018171875 0.5644832625 0.5818819859375 0.5723113046875 0.572285853125 0.5919720578125001 0.518382578125 0.5970106765625001 0.489611965625
0 0.7898376781249999 0.3003603171875 0.7639559734375 0.2943850546875 0.7486520265625 0.30510608437500003 0.7339901875 0.337356690625 0.7283664109375 0.3617159421875 0.7319170609375 0.3810661640625 0.7382795984375 0.3882367625 0.7652349625 0.3930344765625 0.7756591171875 0.3826122796875 0.7960810953124999 0.32888474843750004 0.7957117140625 0.313119825 0.7898376781249999 0.3003603171875
3 0.2509979109375 0.2657609640625 0.248617575 0.25523346406249997 0.2372388828125 0.24547937343749998 0.18350422500000002 0.231648328125 0.14756774687500002 0.2518601859375 0.12381089375000001 0.27488393125 0.11877227500000001 0.30365454375 0.1209143703125 0.3568897125 0.14429661875 0.373691309375 0.190419009375 0.38576492500000004 0.23404716718750002 0.353074609375 0.2463459140625 0.3345326609375 0.251696965625 0.3044087578125 0.2509979109375 0.2657609640625
3 0.4571591828125 0.25491472656249997 0.46155047343750005 0.260204803125 0.489482840625 0.25382469687500003 0.4968620875 0.2426995296875 0.5081890546875 0.1797451359375 0.49895767968750004 0.16763594843750002 0.4776036265625 0.1698330890625 0.4571591828125 0.25491472656249997
1 0.6078924984375 0.178531309375 0.5941904203124999 0.1753679359375 0.565672896875 0.1773366796875 0.5556975359375 0.1892879109375 0.5453475734375 0.241064484375 0.5493073109375 0.2690616859375 0.554908621875 0.2760565390625 0.596014859375 0.2855466625 0.610557578125 0.274649890625 0.625690678125 0.2125742140625 0.6194075531250001 0.191167725 0.6078924984375 0.178531309375
0 0.194467034375 0.09733874375 0.18207163125 0.10588041875000001 0.17657899531250001 0.1887122625 0.1914910953125 0.193580415625 0.23617044687500002 0.1910666546875 0.24306119375000002 0.18553039843750002 0.2507753390625 0.14169783281249998 0.244435265625 0.1031731296875 0.22222333125 0.09519425625 0.194467034375 0.09733874375
1 0.1165612125 0.15347473125 0.09620140625 0.1687302140625 0.09071399218750001 0.195971790625 0.0916685296875 0.21614807656249999 0.0993377453125 0.23502372187499998 0.1286164953125 0.2332307203125 0.1448577375 0.2184498171875 0.1528446078125 0.18038190468749998 0.14580025624999998 0.1587996734375 0.1165612125 0.15347473125
6 0.137903246875 0.0714511640625 0.1201395515625 0.08588058125 0.11769704375000001 0.11382513125 0.12446866875 0.129642709375 0.16256970625 0.131311915625 0.1790836734375 0.1222956640625 0.18470745 0.0979364125 0.1840256375 0.0835247796875 0.1782879640625 0.073647596875 0.137903246875 0.0714511640625
0 0.3 0.09453125 0.0671875 0.08125
5 0.38203125 0.07890625 0.0375 0.0515625
3 0.4390625 0.10859375 0.0609375 0.075
1 0.31328125 0.04375 0.0375 0.0328125
4 0.772916603125 1 0.9163773656249999 0.3252980390625 0.3676677671875 0.01046269375 0.3085345328125 0.023407525000000002 0.3368043921875 0.050376259374999996 0.3823813328125 0.05092056874999999 0.4275836703125 0.091290221875 0.44856834062499995 0.07332815468750001 0.47419456249999997 0.0977749265625 0.4744845296875 0.127775740625 0.575120046875 0.17809230468749998 0.6121871328124999 0.1738211140625 0.625690678125 0.2125742140625 0.7516969328124999 0.30580905625 0.7841966593749999 0.3004834078125 0.8108171265624999 0.33798851875 0.863552315625 0.39435149062499997 0.68995679375 1 0.772916603125 1
6 0.38203125 0.2328125 0.06875 0.103125
5 0.3859375 0.16015625 0.071875 0.065625
8 0.76484375 0.084375 0.2859375 0.13125
10 0.94375 0.14921875 0.1125 0.1359375
5 0.48515625 0.3296875 0.115625 0.15