6 0.5941912671875 0.474564046875 0.586974828125 0.45456749687500003 0.551398421875 0.4033499375 0.54106886875 0.39427394375 0.523632584375 0.3972315203125 0.4712311234375 0.41862830000000006 0.4560402703125 0.43427341718749995 0.452750490625 0.49251915 0.4549075875 0.5288692796875 0.49595224687500006 0.6138839484374999 0.513485415625 0.6095408640625 0.5764985312500001 0.5707864781249999 0.58272903125 0.5600839140625 0.5937153984375 0.5037686578125 0.5941912671875 0.474564046875
0 0.75503876875 0.2574776109375 0.7285409734375 0.2556247046875 0.7151025828125 0.2686078046875 0.7056663609375 0.3027549703125 0.7039224484375 0.327694071875 0.7104564265625 0.346250615625 0.717862359375 0.3523376125 0.7452363859375 0.352859509375 0.7539018109375 0.34093493124999996 0.7656675234375 0.2846741734375 0.7628365125000001 0.269161125 0.75503876875 0.2574776109375
3 0.21742048125000002 0.30759734375000003 0.21342258749999998 0.297571821875 0.2006581109375 0.28971783906250004 0.1454213640625 0.28446302968750004 0.11308915312500001 0.31004775 0.0932264953125 0.3365044265625 0.092750625 0.3657090375 0.10319416249999999 0.417953696875 0.12891688437499998 0.430890646875 0.1763601625 0.435600484375 0.21433729375000002 0.39648769375000004 0.22358402187499998 0.3762500796875 0.22415677656250002 0.3456599625 0.21742048125000002 0.30759734375000003
3 0.419346840625 0.2646339125 0.42451161718749997 0.26917191093750004 0.451102021875 0.25850076875 0.456650059375 0.24635820156250002 0.457989334375 0.18240695468749998 0.44697731875 0.17189095625 0.42622987968750004 0.17740155625 0.419346840625 0.2646339125
1 0.5562753796875 0.1656110171875 0.5422471359375 0.1646300671875 0.5143886906249999 0.171035696875 0.5064057281250001 0.18440027812499998 0.5042828296875 0.2371584859375 0.5125735437500001 0.2641915578125 0.5192001296875 0.2702240546875 0.5612848640625 0.27316690625 0.5739439078124999 0.260129309375 0.5791799171875 0.1964505484375 0.5696254374999999 0.17629050625 0.5562753796875 0.1656110171875
0 0.135238553125 0.150092059375 0.124331971875 0.1604676390625 0.1318647140625 0.24313892343750002 0.14735476875 0.245614375 0.1910908046875 0.236142171875 0.197030653125 0.22959612499999998 0.1977929 0.185096453125 0.1855042921875 0.148037859375 0.162317653125 0.14363193125 0.135238553125 0.150092059375
1 0.0670734859375 0.21772407343750003 0.049350825 0.2359767109375 0.048192492187500005 0.26374132031249997 0.05229154375 0.2835198796875 0.062819140625 0.3009634046875 0.0914569328125 0.29461227343749996 0.105185975 0.27747265625 0.10711938125 0.2386240015625 0.096785553125 0.2184094640625 0.0670734859375 0.21772407343750003
6 0.07532145 0.13337172343749998 0.0600337140625 0.15040234531250002 0.06199276875 0.17838494375 0.0711554390625 0.1929484640625 0.10904851093750001 0.1886368046875 0.1239487109375 0.1771482046875 0.12569262187500002 0.152209103125 0.12276472812500001 0.1380815609375 0.11555256249999998 0.129223553125 0.07532145 0.13337172343749998
0 0.2390625 0.13125 0.0578125 0.075
5 0.31796875 0.103125 0.03125 0.0484375
3 0.378125 0.12265625 0.0515625 0.06875
1 0.24453125 0.07890625 0.034375 0.028125
4 0.8452103281250001 1 0.8839216609375 0.2623131390625 0.2927164890625 0.03719103125 0.23633630156250002 0.0592269671875 0.2684769515625 0.0814412921875 0.3135779125 0.0748490953125 0.3645389390625 0.1076505265625 0.38245536874999997 0.086626878125 0.41159040625000004 0.10676384375 0.4165699640625 0.1363499375 0.5238377375 0.1703041578125 0.5597803046875 0.1602869828125 0.5791799171875 0.1964505484375 0.7182199703125 0.26882579375 0.74948645625 0.2584816359375 0.781646271875 0.2913606375 0.8425493156250001 0.3387800875 0.761434828125 1 0.8452103281250001 1
6 0.34140625 0.2546875 0.0546875 0.0984375
5 0.334375 0.18203125 0.0640625 0.0578125
2 0.184375 0.0078125 0.059375 0.015625
2 0.059375 0.03359375 0.059375 0.0671875
8 0.696875 0.04765625 0.28125 0.0890625
10 0.89375 0.08359375 0.1171875 0.121875
10 0.97109375 0.10703125 0.0578125 0.1484375
5 0.45859375 0.334375 0.096875 0.1390625