2 0.82265625 0.3328125 0.1375 0.2125
2 0.66796875 0.296875 0.1 0.1578125
2 0.5203125 0.28046875 0.071875 0.115625
2 0.44609375 0.26875 0.0515625 0.096875
2 0.4046875 0.265625 0.0484375 0.0875
2 0.33984375 0.2859375 0.0578125 0.0984375
2 0.22578125 0.32421875 0.0640625 0.10625
2 0.1171875 0.359375 0.06875 0.1171875
1 0.30078125 0.490625 0.05625 0.0671875
6 0.2765625 0.40859375 0.040625 0.0484375
5 0.2921875 0.43828125 0.0359375 0.053125
5 0.33203125 0.38046875 0.0390625 0.05625
6 0.3359375 0.40859375 0.0296875 0.040625
6 0.4390625 0.43203125 0.040625 0.0578125
0 0.3796875 0.428125 0.0515625 0.0625
0 0.3515625 0.534375 0.05625 0.090625
1 0.37734375 0.48515625 0.0359375 0.0546875
3 0.39765625 0.365625 0.0359375 0.046875
3 0.51328125 0.41875 0.034375 0.053125
3 0.525 0.48203125 0.046875 0.0765625
0 0.49140625 0.515625 0.0421875 0.075
5 0.39921875 0.56640625 0.04375 0.0828125
1 0.425 0.38359375 0.0375 0.0515625
4 0.6329225375 0.5110697921875 0.627959309375 0.47973320468749997 0.6139937953125 0.47632034531249995 0.32505444375 0.650176359375 0.23179223593749998 0.41800450156249996 0.3772028609375 0.3588357 0.3737906421875 0.337291796875 0.2068188046875 0.395860221875 0.3266125765625 0.724213284375 0.6329225375 0.5110697921875