2 0.23515625 0.290625 0.0625 0.1015625
2 0.32734375 0.26484375 0.0609375 0.1015625
2 0.4421875 0.23359375 0.0578125 0.0953125
2 0.50703125 0.2171875 0.059375 0.1
2 0.546875 0.2234375 0.06875 0.1125
2 0.61953125 0.24296875 0.0921875 0.1421875
2 0.7921875 0.29375 0.1453125 0.215625
10 0 0.46515980468749996 0.0252792171875 0.44065718593750003 0.0394710921875 0.4376406109375 0.050704829687499994 0.4636511546875 0.077438484375 0.4498549265625 0.12132214999999999 0.40401500312499994 0.0656615953125 0.2495128265625 0.0007190499999999999 0.271430603125 0 0.271936078125 0 0.46515980468749996
10 0.158801603125 0.36562169375 0.1114996953125 0.231655821875 0.0671658 0.2512215515625 0.1215887859375 0.39990142031250003 0.158801603125 0.36562169375
4 0.1993343671875 0.7119855625 0.21631829218749998 0.7489445890625 0.6467532046875 0.5945707640625 0.6293316203125 0.5394486828125 0.237226346875 0.675533025 0.2972037953125 0.35648793749999996 0.4573893625 0.310268721875 0.44930992343750004 0.2937299765625 0.284345103125 0.3389366 0.1993343671875 0.7119855625
3 0.52248784375 0.565253684375 0.5417072265625 0.5358697984374999 0.531059025 0.487535778125 0.5124984890625 0.47949735625 0.490325203125 0.5108406249999999 0.5019607875000001 0.5602962781249999 0.52248784375 0.565253684375
3 0.550143015625 0.457514915625 0.561289915625 0.45181679375000006 0.5525768546875 0.4090632421875 0.5363493859374999 0.40319192968750006 0.5275438046875001 0.416381446875 0.5353091125 0.45467616718750004 0.550143015625 0.457514915625
0 0.47746268281250004 0.594796721875 0.478687853125 0.57589516875 0.46669396875 0.526515675 0.44407325000000003 0.52932659375 0.4431667484375 0.551489184375 0.45399822343749996 0.6024472671875001 0.47746268281250004 0.594796721875
5 0.35455463125 0.555677665625 0.3556691578125 0.55211199375 0.3327776515625 0.5536489578125 0.32605085312500004 0.5783802 0.3383469046875 0.6203721640625 0.360251025 0.6177135625 0.3674401359375 0.6022046203125 0.35455463125 0.555677665625
0 0.30092705 0.5271312734375 0.31241074062499996 0.5653013812500001 0.32719676249999996 0.56615304375 0.3312965734375 0.55196650625 0.3407956234375 0.552610440625 0.3537654 0.53787004375 0.340219428125 0.4988067765625 0.3245731640625 0.492146171875 0.30092705 0.5271312734375
1 0.3230045734375 0.49181383125 0.336818090625 0.4722338078125 0.3262739046875 0.4331982484375 0.2950540078125 0.4378369765625 0.2820049703125 0.4592517703125 0.2934886609375 0.49742187656250003 0.3230045734375 0.49181383125
1 0.3890166 0.5037469781249999 0.3790577421875 0.46658426718749996 0.372806515625 0.45126913750000003 0.35986811875 0.45734805312500004 0.3631852578125 0.4729539640625 0.3712411671875 0.5108540359375 0.3890166 0.5037469781249999
6 0.46339841093749995 0.3947309671875 0.4409378359375 0.41415171562499997 0.45081330625 0.45532667812499994 0.46067065625000003 0.4558944546875 0.48564757187499996 0.44126487968749994 0.47622616406249996 0.40398793125 0.46339841093749995 0.3947309671875
0 0.423475328125 0.39189905 0.40392740624999995 0.38273899375 0.38271675312500003 0.3992310421875 0.3900279984375 0.43362774687499994 0.408405259375 0.43904210624999995 0.43186146875000003 0.4260672796875 0.423475328125 0.39189905
1 0.4577746484375 0.3506550109375 0.4643214140625 0.3832169453125 0.49231661718749997 0.3792636453125 0.48663009375 0.3525106546875 0.47917682656249994 0.3421113078125 0.4577746484375 0.3506550109375
5 0.33722927812500003 0.41955178125000003 0.3500240296875 0.40751160468750003 0.34151074375 0.378030684375 0.3296786265625 0.375219640625 0.3155464421875 0.39153862500000003 0.32280980625 0.42394824375000006 0.33722927812500003 0.41955178125000003
6 0.389872859375 0.3624249609375 0.38036556093749996 0.35645674375 0.3732557125 0.3652912921875 0.37974634687500003 0.3905418546875 0.3958698015625 0.3871147078125 0.389872859375 0.3624249609375
5 0.3997995984375 0.3210354359375 0.3779433578125 0.3256811234375 0.38141570625 0.3402554125 0.3846651484375 0.3555428375 0.390183278125 0.36036171562499997 0.40939603125 0.35561216406249996 0.4046572609375 0.3333180046875 0.3997995984375 0.3210354359375
6 0.351813903125 0.37717219062499996 0.35086615 0.372713359375 0.339932284375 0.3424154390625 0.3200029328125 0.3473173078125 0.32154839062499996 0.3616354171875 0.3257373375 0.3760573875 0.3304827375 0.3737172125 0.351813903125 0.37717219062499996
3 0.4741606390625 0.34317753125 0.470775803125 0.32725313125 0.46322677187499994 0.3128796125 0.443703603125 0.31969240781249997 0.45142102812499996 0.35600004375 0.4741606390625 0.34317753125