0 0.72508929375 0.31778948749999997 0.705512540625 0.320225975 0.694382790625 0.33114450781250004 0.68925969375 0.3560588921875 0.6852867890625001 0.4046080609375 0.694956703125 0.432558859375 0.7174883046875 0.4398976515625 0.733964775 0.436017946875 0.741140390625 0.42780859531250004 0.7510175234375 0.354358678125 0.740493759375 0.330560278125 0.72508929375 0.31778948749999997
1 0.4907148140625 0.2261851375 0.46962427656249994 0.225817 0.44301734374999996 0.22813077499999998 0.43193607187499994 0.236271953125 0.4316021890625 0.300164746875 0.44405727500000003 0.347611565625 0.46038830781250006 0.352063928125 0.508206975 0.343174903125 0.5177744625 0.3322290984375 0.51798715 0.27527969375 0.5015294515625001 0.233319409375 0.4907148140625 0.2261851375
3 0.3332226921875 0.2512181109375 0.3275850984375 0.260843409375 0.331428971875 0.353980234375 0.3477600046875 0.3584325953125 0.37129089375 0.353286928125 0.3747305296875 0.335288659375 0.36673860625 0.255970434375 0.35829160312499997 0.2474883890625 0.3465746375 0.24728386875 0.3332226921875 0.2512181109375
5 0.41669891875 0.3929743390625 0.4113521984375 0.385935509375 0.3244285015625 0.39692015468749997 0.318815146875 0.40515677656250004 0.31298910625 0.470342803125 0.3122861625 0.510614446875 0.31812860781249996 0.57878235 0.3249406328125 0.5914031578125 0.41894298750000003 0.5777638703125 0.4284862359375 0.5682067453124999 0.42733057656250006 0.5001206515625001 0.41950832968749996 0.41108168437500003 0.41669891875 0.3929743390625
0 0.09635938125 0.16790492031249998 0.078980584375 0.178714375 0.0749294921875 0.186978265625 0.0745416609375 0.2091971046875 0.0809416140625 0.24542542812499998 0.087045225 0.25386656875 0.1285421265625 0.2490344984375 0.1452125125 0.2340453765625 0.145158565625 0.1923714203125 0.1339263890625 0.164393353125 0.09635938125 0.16790492031249998
5 0.1882365 0.14172663125 0.193782603125 0.18210735312499998 0.20144847656249998 0.1905757640625 0.2139708125 0.189405240625 0.2330815484375 0.1689023140625 0.23354209843749998 0.14251744375 0.2236297890625 0.12845341875 0.20173388124999997 0.129460325 0.1882365 0.14172663125
3 0.2701825375 0.1473243078125 0.257514765625 0.15682689375 0.253439434375 0.1664794609375 0.2559094921875 0.2040282875 0.2666029328125 0.218105946875 0.29557749843750003 0.2144444 0.3059018765625 0.2049009078125 0.31080681875 0.1924846203125 0.30757986875 0.15353348125 0.297594840625 0.1436354890625 0.2701825375 0.1473243078125
6 0.1927754828125 0.329334421875 0.19018969531250002 0.343180290625 0.18865714218750002 0.3862156546875 0.20101527031250002 0.4392171828125 0.2251818515625 0.4424172140625 0.2456366953125 0.43443965156250003 0.24858607500000002 0.3997636234375 0.24210793437499997 0.32325002187499996 0.20161031875000002 0.3155976296875 0.1927754828125 0.329334421875
5 0.21640625 0.2828125 0.075 0.090625
0 0.03046875 0.31796875 0.05625 0.140625
3 0.0359375 0.578125 0.0703125 0.20625
4 0.9535286 1 0.8767983859375 0.3107138765625 0.1854216203125 0.07916797812500001 0.00555426875 0.1774327140625 0.004657409374999999 0.22881377656250002 0.10419493124999998 0.1666525890625 0.1041167453125 0.1263673109375 0.14905875156249998 0.147988284375 0.19777974843749999 0.13216950624999999 0.2590043078125 0.1610201953125 0.29205420625 0.147706078125 0.3342649875 0.19150498437500002 0.84468599375 0.4046121828125 0.8671190109375001 0.9995387484375 0.8808957656249999 1 0.9535286 1
8 0.640625 0.04140625 0.2875 0.0828125
10 0.846875 0.0640625 0.1203125 0.1171875
10 0.9625 0.1046875 0.075 0.196875
2 0.07890625 0.04140625 0.0640625 0.0828125
2 0.215625 0.01484375 0.05 0.0296875
1 0.1265625 0.153125 0.0453125 0.0390625
6 0.48203125 0.74609375 0.18125 0.2640625