0 0.7508220750000001 0.355244525 0.7311051921875 0.3545885359375 0.718404434375 0.3636315671875 0.70944694375 0.387437784375 0.6979281875 0.43476773281250003 0.7031065812499999 0.46388711875000005 0.7242127421875 0.474660278125 0.7410932781249999 0.4734058265625 0.7494647765625 0.46642005937500003 0.770710403125 0.39541955624999997 0.76403909375 0.3702678734375 0.7508220750000001 0.355244525
1 0.5336632125 0.2281037296875 0.5128899234375 0.2244408375 0.48624861093750005 0.2225638859375 0.47403020781249994 0.22887133906249998 0.4637054 0.291925275 0.46858482500000004 0.34073635 0.48401829375 0.34768863125 0.532638784375 0.3463895328125 0.5438007812500001 0.337075175 0.5529196984375 0.2808601828125 0.5432286562499999 0.2368419484375 0.5336632125 0.2281037296875
3 0.374194059375 0.228191309375 0.36712014531250003 0.236816190625 0.356346884375 0.32940766093749996 0.371780353125 0.3363599421875 0.395826496875 0.33495866875 0.4020393359375 0.3177200671875 0.4065539109375 0.23812816875 0.3995377875 0.2284291484375 0.3879970703125 0.226394209375 0.374194059375 0.228191309375
5 0.4344669953125 0.3812608421875 0.4302872171875 0.37347226093749997 0.34271531718750003 0.37072380625 0.3358825828125 0.3779808984375 0.319930928125 0.44145298437499997 0.312936765625 0.4811188515625 0.308043471875 0.5493614546875001 0.3127973 0.5628925140625001 0.407775984375 0.5641263578125 0.418696803125 0.5561797890625 0.42820638437499997 0.4887511640625 0.4344092046875 0.3995847453125 0.4344669953125 0.3812608421875
0 0.15327998437499998 0.10885025781249999 0.1344241765625 0.11680798750000002 0.129130203125 0.1243364046875 0.1252713546875 0.14622102343750001 0.1259251546875 0.1830044890625 0.13063313593749998 0.1922965203125 0.17237504374999998 0.1940154875 0.1911850046875 0.181818728125 0.1976509640625 0.14064940937499998 0.19093380937499999 0.1112586984375 0.15327998437499998 0.10885025781249999
5 0.24812112812499998 0.097367015625 0.2472820140625 0.138118184375 0.25352875625000004 0.14768154218750001 0.26608003125 0.14848435468750001 0.288162846875 0.13122343125 0.2927452296875 0.10523544843749999 0.28515505625 0.0897939484375 0.2633712078125 0.0873631828125 0.24812112812499998 0.097367015625
3 0.3281826046875 0.1157149578125 0.31418426250000003 0.123118875 0.30864911093749997 0.13201508125 0.305214828125 0.1694880234375 0.3135743828125 0.18506518593750002 0.342765015625 0.1859813390625 0.354455215625 0.17817043125 0.3612421046875 0.16667431093750001 0.36414818437499996 0.12769791875 0.3558344765625 0.11635978437500001 0.3281826046875 0.1157149578125
6 0.2232559046875 0.2833750953125 0.21853598125 0.2966459921875 0.21029008125 0.338911775 0.2142047953125 0.3931940046875 0.23757325156250003 0.4001351234375 0.25902422812500003 0.395455621875 0.267361821875 0.3616678953125 0.2729328015625 0.28508290000000003 0.2341308765625 0.2711894984375 0.2232559046875 0.2833750953125
5 0.25390625 0.240625 0.0890625 0.1
0 0.06484375 0.246875 0.0765625 0.146875
3 0.03984375 0.50390625 0.0796875 0.2140625
4 0.8727243328125001 1 0.9017702468750001 0.37198855625 0.255127234375 0.0351382171875 0.062102357812499995 0.1040557 0.0531787703125 0.1546638765625 0.161214971875 0.1088390953125 0.1674397546875 0.0690375640625 0.208446184375 0.0974228265625 0.259041946875 0.089420446875 0.31499948906249997 0.1274935671875 0.349725275 0.1195135125 0.38456471406250003 0.1693764015625 0.8553642796875 0.459707334375 0.7905503375 1 0.8727243328125001 1
8 0.7109375 0.06875 0.2953125 0.1265625
10 0.9109375 0.1234375 0.1359375 0.134375
10 0.9828125 0.1828125 0.034375 0.20625
2 0.15703125 0.01328125 0.0765625 0.0265625
1 0.18515625 0.0984375 0.05 0.046875
6 0.44375 0.73984375 0.21875 0.2875