0 0.71524465625 0.3062589375 0.6958222468749999 0.309716653125 0.68527918125 0.321202709375 0.681467025 0.34635107187499997 0.68004043125 0.39504163124999997 0.691159925 0.42244803906249995 0.71404473125 0.4285975609375 0.7302955718749999 0.42386086250000005 0.737031709375 0.41528721874999996 0.743051234375 0.34142103281249997 0.73129638125 0.31820601718749997 0.71524465625 0.3062589375
1 0.47639717656249997 0.2270463390625 0.4553162765625 0.2277825015625 0.42886689999999994 0.2314856046875 0.4182268921875 0.240195575 0.42123735625 0.3040182796875 0.4361585484375 0.35074822499999997 0.45270021875 0.354339784375 0.4999881359375 0.34296030625 0.5089696531250001 0.3315287796875 0.5062015468750001 0.2746462890625 0.48757037187499996 0.23360484062500003 0.47639717656249997 0.2270463390625
3 0.320431015625 0.2602875078125 0.3153048984375 0.27019466406250003 0.324017909375 0.363002675 0.3405595796875 0.366594234375 0.363788915625 0.36022410625 0.36628188281249996 0.34207048906250004 0.35414971562500003 0.2632792296875 0.345270371875 0.25525089218749997 0.33355876093750003 0.25565987031250004 0.320431015625 0.2602875078125
5 0.4112117890625 0.39748065625 0.40550401249999996 0.3907312984375 0.3192743328125 0.406250125 0.31409974375 0.4147692375 0.3116932609375 0.48017084218750006 0.3130989359375 0.520424084375 0.32250100625 0.58819279375 0.3299642171875 0.6004397921875 0.4231239203125 0.5818994953125001 0.43215390937500003 0.5718560109374999 0.42743648125 0.503923709375 0.414965015625 0.4154161515625 0.4112117890625 0.39748065625
0 0.07953204375 0.1894849625 0.0627427859375 0.201189140625 0.0591297453125 0.2096537234375 0.0599052890625 0.231862409375 0.068192515625 0.267706134375 0.0747295375 0.27581626875 0.11591667812499999 0.26881904218749997 0.131779746875 0.25297800000000004 0.1295448265625 0.21136398125000003 0.11686378593749999 0.184012103125 0.07953204375 0.1894849625
5 0.16991318125 0.15853407343749998 0.1775650484375 0.19856919374999998 0.1856636171875 0.20662479843749998 0.19810753125 0.2048005109375 0.2161190375 0.1833255046875 0.21519807812499997 0.156952690625 0.2045633 0.143426709375 0.182750096875 0.1455781796875 0.16991318125 0.15853407343749998
3 0.252039875 0.159835353125 0.2398867890625 0.169987896875 0.2363222203125 0.179840521875 0.24075404687500002 0.2172086171875 0.2521696 0.2307073328125 0.2809128265625 0.22553439062499997 0.2907235890625 0.21546364218749997 0.2949719890625 0.20280766562500002 0.28971091718749997 0.16407879218750002 0.279221553125 0.1547169421875 0.252039875 0.159835353125
6 0.184264578125 0.3456472015625 0.1824069703125 0.35960942500000004 0.18312881406249998 0.40266601875 0.198243890625 0.4549481359375 0.22254483125000002 0.456879 0.24255412812500002 0.447841846875 0.24368466249999998 0.41305898125 0.2332109875 0.336989278125 0.1923683765625 0.33146685625 0.184264578125 0.3456472015625
5 0.20546875 0.29765625 0.0765625 0.0921875
0 0.025 0.3421875 0.05 0.140625
3 0.040625 0.60234375 0.0734375 0.2078125
4 0 0.24891175156249998 0.0872913125 0.1878242671875 0.0851048640625 0.14759829062500002 0.131116834375 0.16683755 0.17894316875 0.1484905921875 0.241593753125 0.17409749531250002 0.2739015484375 0.1590719265625 0.318346740625 0.20060166562499998 0.8392214015624999 0.38670343749999997 0.892759725 0.9796406234375 0.9794741203124999 0.978002225 0.8663755265624999 0.2912531828125 0.1638280921875 0.0962084734375 0 0.1971877109375 0 0.24891175156249998
8 0.61640625 0.0390625 0.2890625 0.078125
10 0.8234375 0.053125 0.121875 0.10625
10 0.94609375 0.090625 0.0859375 0.18125
2 0.05546875 0.06015625 0.065625 0.090625
2 0.19140625 0.02734375 0.0515625 0.0359375
1 0.10859375 0.17265625 0.0453125 0.040625
6 0.49453125 0.74609375 0.1859375 0.2671875