2 0.284375 0.23984375 0.04375 0.0953125
2 0.3796875 0.234375 0.0421875 0.0953125
2 0.49921875 0.22734375 0.040625 0.0890625
2 0.565625 0.225 0.040625 0.09375
2 0.603125 0.2390625 0.046875 0.10625
2 0.6703125 0.2734375 0.065625 0.13125
2 0.82890625 0.359375 0.10625 0.1984375
10 0.0625 0.34325396874999997 0.0680803578125 0.3710317453125 0.0970982140625 0.3630952375 0.149553571875 0.327380953125 0.12723214375 0.164682540625 0.0591517859375 0.17261904687500002 0.0033482140624999995 0.1964285703125 0.01004464375 0.3670634921875 0.0479910703125 0.34325396874999997 0.0625 0.34325396874999997
10 0.194196428125 0.297619046875 0.17578125 0.15674603125 0.12834821406250002 0.1666666671875 0.15066964375 0.3234126984375 0.194196428125 0.297619046875
4 0.16183035625 0.64484126875 0.170758928125 0.684523809375 0.6238839281249999 0.6230158734375 0.6183035718750001 0.565476190625 0.2064732140625 0.6170634921875 0.33147321406249997 0.31746031874999997 0.49776785781250005 0.30555555624999997 0.493303571875 0.2876984125 0.32254464375 0.297619046875 0.16183035625 0.64484126875
3 0.5084294265625 0.5685032203125 0.5333380734375 0.5437573765625 0.53297176875 0.4942656859375 0.51648810625 0.4825439703125 0.488282728125 0.508592228125 0.4893816390625 0.55938633125 0.5084294265625 0.5685032203125
3 0.557880415625 0.46886863593749994 0.5699684359375 0.465612603125 0.5703347390625 0.42198177187499997 0.5556825937500001 0.41286488125 0.54432718125 0.4239353921875 0.5439608781249999 0.463007778125 0.557880415625 0.46886863593749994
0 0.45824583125 0.5880394140625 0.46337408125 0.5698056328125001 0.46190886718749996 0.51901153125 0.4391980421875 0.5170579125 0.4337034875 0.538547725 0.4337034875 0.590644240625 0.45824583125 0.5880394140625
5 0.34615692343750004 0.5242211828125 0.347988440625 0.5209651515625 0.325277615625 0.51770911875 0.3135559 0.54050134375 0.3168526328125 0.5841321749999999 0.33883085 0.5860857937499999 0.34908735156250004 0.572410459375 0.34615692343750004 0.5242211828125
0 0.2996363625 0.485148796875 0.3029330953125 0.5248723890625 0.3172189359375 0.528779628125 0.3241787046875 0.5157554984375 0.3333362953125 0.518360325 0.34908735156250004 0.506638609375 0.3439591015625 0.465612603125 0.3300395640625 0.45584450624999995 0.2996363625 0.485148796875
1 0.3285743484375 0.4551933 0.34615692343750004 0.43891313906249996 0.3439591015625 0.398538340625 0.3124569890625 0.3965847203125 0.29524071875 0.4148185015625 0.2985374515625 0.45454209375000004 0.3285743484375 0.4551933
1 0.3906628125 0.4805903515625 0.3886481421875 0.442169171875 0.3857177140625 0.4258890109375 0.371798175 0.42914504375 0.371798175 0.4450996 0.371798175 0.4838463828125 0.3906628125 0.4805903515625
6 0.48608490625 0.38942145 0.4600773484375 0.40374799218749996 0.461176259375 0.446076409375 0.47070015468750004 0.4486812359375 0.498172925 0.43956434531250005 0.49670771093750005 0.4011431671875 0.48608490625 0.38942145
0 0.4476230265625 0.37835094062499997 0.43040675625 0.3653268125 0.40623071718750003 0.377048528125 0.40623071718750003 0.412213675 0.4230806828125 0.42133056562500004 0.4487219359375 0.41351608906250004 0.4476230265625 0.37835094062499997
1 0.48974794218750006 0.3451394125 0.4893816390625 0.37835094062499997 0.5175870171875 0.38030455937499996 0.5175870171875 0.352953890625 0.5124587671875 0.3412321734375 0.48974794218750006 0.3451394125
5 0.357512334375 0.38746783125 0.3725307828125 0.37835094062499997 0.3703329609375 0.3477442375 0.359343853125 0.3425345859375 0.3421275828125 0.355558715625 0.3424938859375 0.38877024375 0.357512334375 0.38746783125
6 0.4208828609375 0.3425345859375 0.41282418125 0.33472010937499996 0.40403289375 0.34188338125 0.40513180625 0.3679316375 0.42161546875000006 0.3679316375 0.4208828609375 0.3425345859375
5 0.4391980421875 0.30411340625 0.4168535203125 0.30411340625 0.417219825 0.3190911546875 0.417219825 0.33472010937499996 0.42161546875000006 0.3405809671875 0.44139586406250003 0.3399297609375 0.44139586406250003 0.3171375359375 0.4391980421875 0.30411340625
6 0.38058946250000003 0.34904665156250003 0.38058946250000003 0.34448820625 0.37619382031250004 0.312579090625 0.3556808171875 0.313230296875 0.3542156015625 0.3275568390625 0.3553145125 0.3425345859375 0.3604427640625 0.3412321734375 0.38058946250000003 0.34904665156250003
3 0.507330515625 0.3412321734375 0.507330515625 0.3249520125 0.502934871875 0.3093230578125 0.4824218703125 0.3119278828125 0.4824218703125 0.34904665156250003 0.507330515625 0.3412321734375