2 0.2390625 0.2859375 0.0609375 0.1015625
2 0.33125 0.2625 0.059375 0.1015625
2 0.446875 0.2328125 0.05625 0.0953125
2 0.51171875 0.2171875 0.0578125 0.0984375
2 0.5515625 0.22421875 0.0671875 0.1125
2 0.62421875 0.2453125 0.0890625 0.140625
2 0.79609375 0.29921875 0.1421875 0.215625
10 0 0.4570793109375 0.0263871953125 0.4323812046875 0.0406295546875 0.4296127703125 0.051407634375 0.45581540781249996 0.07837799375 0.4424878484375 0.1230549921875 0.3974207828125 0.0700993515625 0.24197072656250002 0.004784178125 0.2627517625 0 0.265991665625 0 0.4570793109375
10 0.1611987953125 0.35968742656249997 0.1162421171875 0.224916428125 0.07157350625 0.24370544375 0.12339338124999999 0.39331247812500003 0.1611987953125 0.35968742656249997
4 0.1956805015625 0.7067059359375001 0.2120168171875 0.7439557453125001 0.6450803671875 0.5971175578125 0.6286234484375 0.5416998234375 0.2342028953125 0.6709202578125 0.29973931249999997 0.3529705140625 0.4607071203125 0.3095539609375 0.4529175515625 0.2928767296875 0.2871888921875 0.3351974328125 0.1956805015625 0.7067059359375001
3 0.521345584375 0.5656362125000001 0.5410748609375 0.5365922265624999 0.5312718265624999 0.48807973125000004 0.51285440625 0.4797186078125 0.49013748125 0.5106701250000001 0.500908175 0.560321315625 0.521345584375 0.5656362125000001
3 0.5508768453124999 0.458396503125 0.56212149375 0.45289378906250005 0.5541559125 0.4099946859375 0.5380333828125 0.40384105937500003 0.5289989546875 0.41687488906250003 0.53609474375 0.4552992984375 0.5508768453124999 0.458396503125
0 0.475811684375 0.594388953125 0.4773665453125 0.5755116609375001 0.4662362796875 0.5259303671875 0.44356994843750003 0.5283460703125 0.44227679374999995 0.550489465625 0.452217278125 0.601628821875 0.475811684375 0.594388953125
5 0.3536050734375 0.5531308140625 0.35478166093749997 0.5495851359375 0.3318668171875 0.5507223546875 0.3247094234375 0.57533243125 0.3362707421875 0.6175325953125 0.358217925 0.615256678125 0.365676609375 0.599875565625 0.3536050734375 0.5531308140625
0 0.3004838640625 0.5236528390624999 0.3112996453125 0.5620175515625 0.32606855156250003 0.5631271359375 0.330415328125 0.5490143109375001 0.3399016921875 0.549823928125 0.35312674843749997 0.5353121296875 0.3402645875 0.496018403125 0.32473695 0.489085746875 0.3004838640625 0.5236528390624999
1 0.3231743984375 0.48872608125 0.33732753125000003 0.4693901203125 0.327466215625 0.430176484375 0.2961701171875 0.43426964375 0.28274932656249996 0.4554534390625 0.2935651078125 0.49381814999999996 0.3231743984375 0.48872608125
1 0.38896810937500004 0.5018094796875 0.37965934687499997 0.4644786234375 0.3736763578125 0.44905672656249995 0.360633840625 0.4549089109375 0.3636781140625 0.4705703359375 0.3710713484375 0.50860523125 0.38896810937500004 0.5018094796875
6 0.46524118437500006 0.39410821406249996 0.442445090625 0.41313401406250005 0.4516004546875 0.45447505625 0.46144639375 0.4552147796875 0.48667482656249994 0.441023340625 0.47790542656249996 0.40358764375 0.46524118437500006 0.39410821406249996
0 0.42537360468749996 0.3905799734375 0.405988525 0.3810801546875 0.3844932765625 0.397199515625 0.391203103125 0.4317185796875 0.409483071875 0.43745284218749997 0.43316214999999997 0.42488935781250003 0.42537360468749996 0.3905799734375
1 0.46038750781250004 0.34994082187500003 0.46636499374999996 0.3826120546875 0.49442492812500005 0.379147940625 0.4892061734375 0.35229978125 0.481935534375 0.341771940625 0.46038750781250004 0.34994082187500003
5 0.338658084375 0.4167232921875 0.3516610171875 0.40490824999999997 0.34366354062500004 0.3752832421875 0.3318822859375 0.3722661265625 0.317467446875 0.3883359859375 0.32416407812500003 0.42086743125000003 0.338658084375 0.4167232921875
6 0.3922906484375 0.36052393125000004 0.38288895625 0.354390696875 0.37562600625 0.363099815625 0.38167497031250003 0.388459809375 0.39785578125 0.3853145796875 0.3922906484375 0.36052393125000004
5 0.40293822187500006 0.3193139546875 0.38100423125 0.323577490625 0.3842216953125 0.33821016249999997 0.387203840625 0.35355196875 0.392637028125 0.3584664171875 0.41192974531250004 0.3540528984375 0.407580784375 0.33167943125 0.40293822187500006 0.3193139546875
6 0.35398011406249996 0.37460469375 0.353110321875 0.37012999999999996 0.34270689375 0.33964587343749997 0.322695028125 0.34419918125 0.323990365625 0.35854207968749996 0.327926975 0.3730349609375 0.33271249375 0.37077796093750004 0.35398011406249996 0.37460469375
3 0.47690150468750003 0.3427504578125 0.47379510312499995 0.326769409375 0.46649807499999996 0.3122663296875 0.44685897812500003 0.3187373625 0.45394157343749997 0.3551741546875 0.47690150468750003 0.3427504578125