2 0.16796875 0.1484375 0.0671875 0.1421875
2 0.36953125 0.13125 0.0546875 0.128125
2 0.54765625 0.1265625 0.0546875 0.125
2 0.6875 0.10859375 0.028125 0.0796875
2 0.79765625 0.1265625 0.040625 0.096875
2 0.89140625 0.13359375 0.034375 0.08125
2 0.98828125 0.18671875 0.0140625 0.0609375
4 0.905295165625 0.3486475703125 0.3123092015625 0.45163273750000005 0.3175362515625 0.27368317656249996 0.29683812187499997 0.26091665937499997 0.2691873296875 0.48758659375 0.27614664218749996 0.5282243390625 0.966468371875 0.39204440625000003 0.9699548984374999 0.3530770609375 0.75825413125 0.2196731359375 0.7490114953125 0.22724526093750003 0.7495610875 0.25873136093750004 0.905295165625 0.3486475703125
5 0.384375 0.3140625 0.0546875 0.0671875
6 0.39140625 0.38671875 0.0390625 0.0984375
3 0.471875 0.33359375 0.0484375 0.06875
0 0.45703125 0.28515625 0.0296875 0.0546875
5 0.5234375 0.27421875 0.0234375 0.05
1 0.54375 0.36328125 0.059375 0.084375
0 0.57890625 0.31171875 0.03125 0.05625
0 0.6078125 0.26875 0.046875 0.0640625
6 0.64765625 0.353125 0.040625 0.053125
1 0.65234375 0.30859375 0.04375 0.05625
3 0.67734375 0.28046875 0.025 0.053125
6 0.7078125 0.25625 0.046875 0.0578125
1 0.71640625 0.35234375 0.0265625 0.0625
5 0.7578125 0.32890625 0.05625 0.0796875
3 0.78359375 0.29921875 0.053125 0.0609375
9 0.69140625 0.11953125 0.1859375 0.2328125