3 0.571875 0.35625 0.121875 0.1734375
6 0.69453125 0.2953125 0.059375 0.090625
3 0.7671875 0.27890625 0.0671875 0.096875
1 0.85546875 0.30078125 0.09375 0.1046875
5 0.828125 0.4125 0.1328125 0.15625
6 0.92421875 0.59609375 0.1515625 0.2109375
6 0.41640625 0.12734375 0.0734375 0.071875
1 0.44140625 0.22734375 0.075 0.084375
0 0.5 0.18515625 0.09375 0.109375
0 0.5515625 0.1375 0.065625 0.075
5 0.60234375 0.1265625 0.0359375 0.05625
3 0.6671875 0.16171875 0.059375 0.0609375
5 0.65078125 0.2296875 0.0796875 0.1015625
1 0.53671875 0.0984375 0.046875 0.06875
2 0.1375 0.0203125 0.084375 0.040625
8 1 0.1647103953125 0.7982148203125 0.0556962625 0.7766449921875 0.0692469671875 1 0.21166970156249998 1 0.1647103953125
4 1 0.3369431484375 0.564280009375 0.044450826562500004 0.3044979765625 0.0757024515625 0.2994766 0.1287092234375 0.5154199203125 0.08591121562500001 0.518271515625 0.06661364374999999 0.5569974171875 0.06557626562499999 0.5548276343749999 0.09928546875000001 0.587208240625 0.11531365625000001 0.5951554031249999 0.08436368749999999 0.6207022109375 0.1230463484375 0.64583993125 0.153082028125 0.6487312328125 0.1266665125 0.6893886765625 0.13462760000000001 0.683236690625 0.17169370625 0.817656146875 0.259743778125 0.8784973265625 0.256685003125 0.8891492765625 0.31473567187499996 1 0.41225463281249997 1 0.3369431484375
2 0.98984375 0.11328125 0.0203125 0.0296875