8 0.1015625 0.41484375 0.203125 0.1828125
7 0.03984375 0.3390625 0.0796875 0.075
10 0.21015625 0.271875 0.1828125 0.18125
2 0.83984375 0.3609375 0.1375 0.228125
2 0.94140625 0.603125 0.1171875 0.346875
2 0.70546875 0.26171875 0.0828125 0.140625
2 0.65546875 0.22578125 0.053125 0.1
2 0.62734375 0.21171875 0.04375 0.090625
2 0.55625 0.21640625 0.0546875 0.09375
2 0.44375 0.23046875 0.0546875 0.09375
2 0.36328125 0.23828125 0.05 0.0890625
4 0.2025543984375 0.5412022859375 0.3835613046875 0.3217544359375 0.5256676109375 0.30659282656250003 0.527647559375 0.286134371875 0.374279628125 0.29419805781249997 0.14442999843749998 0.5509745546875 0.15393254375 0.58651679375 0.4790300875 0.6097726546875 0.48543966875000005 0.584821140625 0.47925197031250005 0.56003670625 0.2025543984375 0.5412022859375
3 0.509375 0.31796875 0.0359375 0.0453125
3 0.42109375 0.503125 0.0609375 0.0875
3 0.50625 0.4328125 0.0296875 0.05625
1 0.32265625 0.4015625 0.05 0.0625
1 0.496875 0.3546875 0.040625 0.0484375
1 0.35625 0.4296875 0.0359375 0.0578125
0 0.415625 0.38359375 0.046875 0.0625
0 0.29921875 0.46171875 0.053125 0.06875
0 0.359375 0.5234375 0.046875 0.071875
5 0.27734375 0.509375 0.040625 0.065625
5 0.375 0.35625 0.0328125 0.040625
5 0.4578125 0.31796875 0.0359375 0.05625
6 0.39765625 0.32265625 0.040625 0.0484375
6 0.446875 0.4109375 0.0453125 0.0546875
6 0.42734375 0.34453125 0.021875 0.0375