2 0.19296875 0.1265625 0.071875 0.14375
2 0.3953125 0.12265625 0.059375 0.1296875
2 0.5734375 0.13046875 0.059375 0.1265625
2 0.71484375 0.12265625 0.03125 0.08125
2 0.82265625 0.1484375 0.04375 0.0984375
2 0.915625 0.16171875 0.0375 0.0828125
4 0.9148656984375 0.37728821875 0.3161403359375 0.438657909375 0.33376778906250004 0.2615064453125 0.314010625 0.2473271984375 0.27061549375 0.47151615468749997 0.27472310625 0.5125403656249999 0.9728626796875 0.42484656875000004 0.9790589390625 0.386217353125 0.7771796515625 0.23837089531250003 0.767431325 0.24527984218749999 0.76578321875 0.2767275796875 0.9148656984375 0.37728821875
5 0.39765625 0.30625 0.05625 0.06875
6 0.4 0.3796875 0.0421875 0.1
3 0.48359375 0.33203125 0.0515625 0.0703125
0 0.47265625 0.2828125 0.03125 0.0546875
5 0.5390625 0.2765625 0.025 0.0515625
1 0.553125 0.36640625 0.0625 0.0859375
0 0.59140625 0.31796875 0.0328125 0.05625
0 0.6234375 0.2765625 0.0484375 0.065625
6 0.65703125 0.36328125 0.0421875 0.0546875
1 0.66484375 0.31953125 0.0453125 0.0578125
3 0.6921875 0.29375 0.0265625 0.053125
6 0.72421875 0.271875 0.0484375 0.059375
1 0.72578125 0.36796875 0.028125 0.0640625
5 0.76953125 0.34765625 0.059375 0.08125
3 0.796875 0.31953125 0.0546875 0.0625
9 0.7171875 0.13359375 0.19375 0.2390625