3 0.55078125 0.34765625 0.103125 0.1640625
6 0.6640625 0.2703125 0.0484375 0.0875
3 0.73359375 0.24375 0.05625 0.090625
1 0.82421875 0.253125 0.0828125 0.096875
5 0.8125 0.3671875 0.1171875 0.1453125
6 0.93515625 0.53515625 0.1296875 0.1984375
6 0.36484375 0.1421875 0.0671875 0.0640625
1 0.40390625 0.23828125 0.065625 0.078125
0 0.45625 0.18828125 0.0828125 0.1
0 0.50078125 0.13359375 0.0578125 0.0703125
5 0.54921875 0.11640625 0.0296875 0.053125
3 0.61875 0.14140625 0.053125 0.05625
5 0.61171875 0.2109375 0.0671875 0.0953125
0 0.99375 0.36796875 0.0125 0.0984375
1 0.48046875 0.09765625 0.0390625 0.065625
2 0.06796875 0.046875 0.0671875 0.09375
2 0.23203125 0.01875 0.0703125 0.0375
2 0.3578125 0.00546875 0.05625 0.0109375
8 0.7140034671875 0.034937484375 0.9900162640625 0.1608616515625 0.998559515625 0.11699487500000001 0.7334774859375 0.018516714062500002 0.7140034671875 0.034937484375
4 1 0.2823093109375 0.50025425 0.0399381515625 0.24734978281250003 0.107040309375 0.249754390625 0.1602300640625 0.457639834375 0.0877950609375 0.45777797500000006 0.0682884265625 0.4959826234375 0.061871540625 0.498525371875 0.0955546625 0.53282154375 0.10692035625 0.5363839625 0.075165559375 0.5670657375 0.109916334375 0.596138978125 0.13616121406249998 0.5953258124999999 0.10960038125 0.6366955484375 0.1118255703125 0.6357620390625 0.1493871421875 0.7811275359375001 0.21787274375000001 0.8409509140625 0.20637628125 0.8595782921874999 0.2623795390625 0.9915749359375001 0.34921423749999997 1 0.3317665484375 1 0.2823093109375
2 0.9375 0.04921875 0.028125 0.0265625