8 0.1015625 0.42109375 0.203125 0.1859375
7 0.03828125 0.34765625 0.0765625 0.0765625
10 0.20625 0.2765625 0.1859375 0.184375
2 0.8375 0.3546875 0.1421875 0.2296875
2 0.940625 0.59609375 0.11875 0.3484375
2 0.7015625 0.25859375 0.084375 0.140625
2 0.65078125 0.22265625 0.0546875 0.1
2 0.62265625 0.209375 0.0453125 0.090625
2 0.5515625 0.215625 0.05625 0.0953125
2 0.4390625 0.23125 0.05625 0.09375
2 0.35859375 0.240625 0.0515625 0.090625
4 0.2033187796875 0.5463871515625 0.380468225 0.32381371875 0.52228828125 0.30617432031249997 0.5239108781249999 0.285684428125 0.3707070375 0.296423525 0.14537378125 0.5571723421875 0.1554951765625 0.5925433265625 0.480949078125 0.6101219109375 0.4869222203125 0.585062334375 0.480302915625 0.560389665625 0.2033187796875 0.5463871515625
3 0.50625 0.31796875 0.0359375 0.046875
3 0.42109375 0.5046875 0.0625 0.0875
3 0.50546875 0.4328125 0.03125 0.05625
1 0.32109375 0.4046875 0.05 0.0640625
1 0.49453125 0.3546875 0.040625 0.0484375
1 0.3546875 0.43203125 0.0359375 0.0578125
0 0.4140625 0.384375 0.0484375 0.0625
0 0.2984375 0.465625 0.0546875 0.06875
0 0.36015625 0.52578125 0.0484375 0.071875
5 0.27734375 0.51328125 0.0421875 0.0671875
5 0.37265625 0.35859375 0.034375 0.0421875
5 0.4546875 0.31875 0.0375 0.05625
6 0.39453125 0.32421875 0.040625 0.05
6 0.4453125 0.4125 0.0453125 0.0546875
6 0.425 0.34609375 0.021875 0.0375