2 0.21328125 0.1109375 0.0796875 0.146875
2 0.415625 0.11796875 0.065625 0.1328125
2 0.5921875 0.13515625 0.065625 0.128125
2 0.734375 0.134375 0.034375 0.08125
2 0.840625 0.165625 0.0484375 0.1
2 0.9328125 0.184375 0.0421875 0.084375
4 0.920719378125 0.399168784375 0.31960270625 0.42911950625 0.3464773921875 0.2531333703125 0.3274893890625 0.2379395453125 0.2724205859375 0.45955013281249996 0.2743755296875 0.5007330984375 0.9761478640625001 0.449697284375 0.984357328125 0.41144529687500003 0.7904923953125 0.25323591093750003 0.7803958421875 0.2596252015625 0.7771041484375 0.29094358593749997 0.920719378125 0.399168784375
5 0.4078125 0.30078125 0.059375 0.071875
6 0.40625 0.375 0.046875 0.1015625
3 0.49296875 0.33125 0.0546875 0.071875
0 0.48359375 0.28125 0.034375 0.05625
5 0.55078125 0.27890625 0.0265625 0.0515625
1 0.56015625 0.36953125 0.0671875 0.0890625
0 0.60078125 0.32265625 0.0359375 0.0578125
0 0.63515625 0.28359375 0.0515625 0.0671875
6 0.6640625 0.371875 0.04375 0.05625
1 0.67421875 0.328125 0.0484375 0.0609375
3 0.703125 0.30390625 0.028125 0.0546875
6 0.7359375 0.28359375 0.0515625 0.0609375
1 0.7328125 0.3796875 0.03125 0.0640625
5 0.7765625 0.36171875 0.0640625 0.0828125
3 0.80546875 0.33515625 0.0578125 0.065625
9 0.7359375 0.1453125 0.2046875 0.246875