8 0.13203125 0.2984375 0.23125 0.1859375
7 0.0921875 0.2078125 0.1109375 0.0765625
10 0.2890625 0.196875 0.1859375 0.184375
2 0.86640625 0.46640625 0.1421875 0.2296875
2 0.9125 0.734375 0.1640625 0.3484375
2 0.76640625 0.3328125 0.084375 0.140625
2 0.72890625 0.2828125 0.0546875 0.1
2 0.70625 0.26171875 0.0453125 0.090625
2 0.63671875 0.2453125 0.05625 0.0953125
2 0.525 0.22578125 0.05625 0.09375
2 0.4453125 0.21015625 0.0515625 0.090625
4 0.2035049734375 0.45243726406249996 0.44076308124999997 0.29549953906250004 0.58109284375 0.32254828281250003 0.58896775 0.303562646875 0.439943675 0.26643354375 0.14506319843749998 0.44478860156250005 0.1437589828125 0.4815560890625 0.4478519546875 0.5988451015625 0.4612765859375 0.57685783125 0.46260552656250004 0.5513472515625 0.2035049734375 0.45243726406249996
3 0.56171875 0.32890625 0.0359375 0.046875
3 0.4234375 0.4796875 0.0625 0.0875
3 0.52578125 0.4375 0.03125 0.05625
1 0.359375 0.3546875 0.05 0.0640625
1 0.53984375 0.36015625 0.040625 0.0484375
1 0.3828125 0.390625 0.0359375 0.0578125
0 0.45390625 0.3640625 0.0484375 0.0625
0 0.31875 0.4046875 0.0546875 0.06875
0 0.35859375 0.48125 0.0484375 0.071875
5 0.284375 0.44375 0.0421875 0.0671875
5 0.42265625 0.3265625 0.034375 0.0421875
5 0.5125 0.3140625 0.0375 0.05625
6 0.45390625 0.30078125 0.040625 0.05
6 0.475 0.39921875 0.0453125 0.0546875
6 0.4765625 0.33046875 0.021875 0.0375