3 0.53515625 0.34296875 0.0921875 0.1578125
6 0.63984375 0.2546875 0.0421875 0.084375
3 0.70546875 0.2203125 0.05 0.0890625
1 0.796875 0.2203125 0.078125 0.0921875
5 0.796875 0.33515625 0.1078125 0.1375
6 0.9390625 0.4890625 0.121875 0.190625
6 0.328125 0.15859375 0.0640625 0.059375
1 0.3765625 0.25 0.0609375 0.075
0 0.4234375 0.19453125 0.0765625 0.0953125
0 0.4625 0.1359375 0.053125 0.0671875
5 0.50859375 0.11328125 0.0265625 0.0515625
3 0.58046875 0.13125 0.05 0.053125
5 0.58046875 0.20078125 0.0625 0.0921875
0 0.9859375 0.31640625 0.0234375 0.096875
1 0.43828125 0.1015625 0.034375 0.0625
2 0.02421875 0.075 0.0484375 0.13125
2 0.18203125 0.03515625 0.0671875 0.0609375
2 0.30703125 0.01484375 0.0546875 0.025
8 0.678745690625 0 0.6642188640625 0.015115692187499998 0.95188229375 0.1114988390625 0.9557934171875001 0.06697935625 0.6945487640625 0 0.678745690625 0
10 0.97734375 0.0734375 0.0328125 0.146875
4 0.557580809375 0.1281051015625 0.5539957359375001 0.1017747703125 0.5953714390625 0.0996634546875 0.5983692984375 0.1371168390625 0.7500971609375 0.1900324375 0.8083911140625 0.1723457078125 0.8327703828124999 0.2260950828125 0.9731206328124999 0.298656684375 0.9947311359375 0.238548153125 0.45216329843749997 0.0424318421875 0.2076583546875 0.135602121875 0.21560963281249998 0.1882491484375 0.4147847390625 0.09448100468750001 0.412883125 0.075066790625 0.4502077375 0.064691584375 0.45625740156249994 0.097924396875 0.4915537328125 0.1056429015625 0.49177735624999996 0.0736896875 0.5259234984375001 0.105042975 0.557580809375 0.1281051015625
2 0.88828125 0.00859375 0.0265625 0.0171875