1 0.6203125 0.33125 0.0515625 0.0578125
6 0.63203125 0.375 0.0375 0.0546875
6 0.66171875 0.31171875 0.0515625 0.06875
2 0.36015625 0.12265625 0.0640625 0.1234375
2 0.14375 0.12578125 0.0890625 0.1453125
5 0.3609375 0.31953125 0.0578125 0.065625
0 0.59765625 0.2796875 0.0546875 0.065625
2 0.68671875 0.13515625 0.05625 0.103125
2 0.79609375 0.1453125 0.0515625 0.0953125
2 0.55078125 0.13046875 0.05625 0.1078125
1 0.51796875 0.38046875 0.065625 0.0953125
2 0.978125 0.2140625 0.04375 0.096875
2 0.8859375 0.1625 0.05 0.0859375
3 0.4484375 0.34765625 0.0546875 0.0703125
3 0.76875 0.32890625 0.0515625 0.0703125
5 0.50859375 0.2828125 0.0296875 0.053125
5 0.74296875 0.3578125 0.0578125 0.0765625
0 0.5625 0.32578125 0.034375 0.0609375
0 0.440625 0.29453125 0.034375 0.05
1 0.70078125 0.38125 0.0375 0.0625
9 0.4765625 0.14140625 0.1515625 0.275
6 0.3546875 0.3953125 0.046875 0.103125
4 0.7358671203125 0.2780459046875 0.8891542328125001 0.390444578125 0.250899346875 0.4698413515625 0.2926472046875 0.2615762953125 0.27702968437500003 0.2518447734375 0.21406113124999998 0.4875313390625 0.208977046875 0.5456426953125 0.9350384 0.4307079734375 0.9480092156250001 0.390016946875 0.74188541875 0.2451117765625 0.7358671203125 0.2780459046875