1 0.6484375 0.3546875 0.059375 0.0640625
6 0.6515625 0.4 0.0453125 0.059375
6 0.69140625 0.34296875 0.0609375 0.075
2 0.428125 0.10390625 0.0828125 0.128125
2 0.21328125 0.0734375 0.1109375 0.146875
5 0.39453125 0.29765625 0.0671875 0.071875
0 0.634375 0.3 0.0640625 0.071875
2 0.746875 0.1734375 0.0734375 0.109375
2 0.853125 0.20234375 0.065625 0.1
2 0.61484375 0.14453125 0.0734375 0.1125
1 0.5390625 0.3859375 0.0796875 0.103125
2 0.9390625 0.23515625 0.0625 0.090625
3 0.475 0.34140625 0.0640625 0.0765625
3 0.79453125 0.378125 0.0609375 0.0765625
5 0.54609375 0.2875 0.0375 0.05625
5 0.7640625 0.40234375 0.06875 0.0828125
0 0.59140625 0.3390625 0.04375 0.0640625
0 0.4765625 0.2875 0.040625 0.053125
1 0.71875 0.41796875 0.046875 0.065625
9 0.5390625 0.14296875 0.19375 0.2859375
6 0.375 0.371875 0.0625 0.1078125
4 0.7708256921875 0.32237578125 0.90226620625 0.4596848953125 0.2599207390625 0.42704365468749994 0.3371992015625 0.22919205156250003 0.32350880625 0.21689641875 0.2205703453125 0.4380680015625 0.20547256875 0.494413675 0.9404616234375001 0.5073043015625001 0.9603013046875001 0.4694838203125 0.7824715125 0.29098706406249997 0.7708256921875 0.32237578125