1 0.5859375 0.3109375 0.0515625 0.0578125
6 0.60546875 0.35234375 0.0375 0.05625
6 0.62265625 0.284375 0.053125 0.06875
2 0.290625 0.15625 0.065625 0.1234375
2 0.07890625 0.20078125 0.0921875 0.146875
5 0.3296875 0.34921875 0.059375 0.065625
0 0.55390625 0.26484375 0.0546875 0.0671875
2 0.61328125 0.10625 0.059375 0.1046875
2 0.72265625 0.0953125 0.053125 0.096875
2 0.4796875 0.12734375 0.0578125 0.1078125
1 0.4953125 0.3796875 0.0671875 0.096875
2 0.92578125 0.12578125 0.065625 0.0984375
2 0.81484375 0.0953125 0.0515625 0.0859375
3 0.4203125 0.3609375 0.0546875 0.0703125
3 0.73125 0.28046875 0.053125 0.0703125
5 0.4671875 0.28515625 0.03125 0.0546875
5 0.71171875 0.3140625 0.059375 0.078125
0 0.528125 0.3171875 0.034375 0.0625
0 0.40234375 0.31015625 0.034375 0.05
1 0.67421875 0.3453125 0.0375 0.0625
9 0.40859375 0.15234375 0.15625 0.2765625
6 0.3375 0.425 0.0484375 0.1046875
4 0.6891827390625 0.2371182578125 0.8611002140625 0.3182032921875 0.24972148593750002 0.517926096875 0.250963471875 0.3055215890625 0.23377602656250002 0.298948825 0.2169355015625 0.54232013125 0.2230329953125 0.6003339078125001 0.913823978125 0.3489718234375 0.9187922671875001 0.30655345624999997 0.6888063375 0.203640878125 0.6891827390625 0.2371182578125