2 0.9875 0.13515625 0.025 0.1421875
2 0.9140625 0.08359375 0.065625 0.0671875
2 0.84921875 0.0546875 0.046875 0.0265625
10 0.1703125 0.01328125 0.209375 0.0265625
6 0.76484375 0.28359375 0.084375 0.1328125
5 0.63203125 0.23125 0.090625 0.11875
3 0.5109375 0.37265625 0.1328125 0.1859375
3 0.515625 0.16640625 0.046875 0.0640625
1 0.56171875 0.14921875 0.0703125 0.08125
6 0.50703125 0.2328125 0.0609375 0.0984375
6 0.3953125 0.19765625 0.0734375 0.0796875
5 0.22109375 0.1359375 0.04375 0.06875
3 0.3296875 0.1296875 0.053125 0.0609375
0 0.22578125 0.28359375 0.128125 0.15
0 0.190625 0.190625 0.0875 0.1125
1 0.1203125 0.16328125 0.0796875 0.0953125
1 0.22265625 0.38671875 0.1 0.1375
6 0.03671875 0.3140625 0.0453125 0.1078125
0 0.69296875 0.15234375 0.0375 0.06875
4 0.17486733593749998 0.12340830625000002 0.725832365625 0.1415163078125 0.9375375625 0.3795626421875 0.9481668000000001 0.3363081765625 0.72671566875 0.1031593890625 0.329569853125 0.081015115625 0.0756355953125 0.09182506562500001 0.0458293 0.1389441828125 0.037182871875 0.20507096093750002 0.0754157375 0.1511191890625 0.17486733593749998 0.12340830625000002