2 0.8640625 0.02578125 0.096875 0.0515625
10 0.059375 0.12421875 0.11875 0.1046875
6 0.675 0.20625 0.0921875 0.1359375
5 0.5328125 0.20234375 0.096875 0.1234375
3 0.46640625 0.3765625 0.14375 0.190625
3 0.4 0.18125 0.05 0.065625
1 0.43828125 0.14921875 0.0734375 0.084375
6 0.41484375 0.246875 0.0671875 0.1
6 0.29765625 0.2515625 0.078125 0.0828125
5 0.11328125 0.253125 0.046875 0.0703125
3 0.21328125 0.21015625 0.05625 0.0640625
0 0.16875 0.390625 0.1359375 0.1546875
0 0.10390625 0.31484375 0.09375 0.115625
1 0.03515625 0.31328125 0.0703125 0.0984375
1 0.20078125 0.48828125 0.1078125 0.140625
6 0.01328125 0.4828125 0.0265625 0.109375
0 0.5625 0.10703125 0.040625 0.06875
4 0 0.3042866 0.0656732890625 0.25732148593750004 0.5896043640624999 0.0858963015625 0.869958815625 0.23717924375 0.865153134375 0.1928979265625 0.5773155578125 0.04955048125 0.19654677812500002 0.1645735390625 0 0.2457352203125 0 0.3042866