2 0.97109375 0.0828125 0.0578125 0.1375
2 0.86875 0.0421875 0.059375 0.0609375
2 0.80078125 0.0203125 0.0453125 0.021875
10 0.11796875 0.02734375 0.2046875 0.0546875
6 0.740625 0.2578125 0.071875 0.1265625
5 0.60390625 0.21875 0.0796875 0.1125
3 0.49765625 0.37265625 0.115625 0.175
3 0.48046875 0.16640625 0.040625 0.0609375
1 0.525 0.14453125 0.0625 0.075
6 0.47890625 0.23359375 0.0515625 0.09375
6 0.3640625 0.21015625 0.0671875 0.0734375
5 0.18515625 0.1671875 0.0359375 0.065625
3 0.29140625 0.14921875 0.046875 0.05625
0 0.2046875 0.3140625 0.115625 0.1390625
0 0.16015625 0.225 0.0765625 0.10625
1 0.0875 0.2046875 0.0703125 0.0875
1 0.2125 0.41640625 0.0875 0.1296875
6 0.0203125 0.36328125 0.034375 0.10625
0 0.65546875 0.134375 0.0296875 0.065625
4 0.13728389531250001 0.1594569328125 0.6871234828125 0.119874209375 0.922551553125 0.33448728125 0.928601240625 0.290358709375 0.68399255625 0.08163508281250001 0.2867076421875 0.101125159375 0.035294409375 0.13841925 0.010576684375000001 0.18839585 0.008889753125 0.255064175 0.041273679687499995 0.197411534375 0.13728389531250001 0.1594569328125