1 0.57578125 0.3078125 0.053125 0.0625
2 0.2734375 0.1671875 0.0734375 0.1296875
6 0.6109375 0.278125 0.05625 0.071875
0 0.54140625 0.26171875 0.0578125 0.06875
6 0.59765625 0.34765625 0.040625 0.0578125
2 0.5921875 0.1 0.0640625 0.10625
5 0.321875 0.35859375 0.0625 0.0671875
2 0.0640625 0.22421875 0.0984375 0.1546875
2 0.46015625 0.128125 0.0640625 0.1125
2 0.79375 0.08046875 0.05625 0.0890625
2 0.70234375 0.084375 0.0578125 0.0984375
3 0.71953125 0.26875 0.0578125 0.075
3 0.4125 0.3625 0.0609375 0.071875
2 0.90625 0.1015625 0.075 0.1046875
1 0.4890625 0.3796875 0.0703125 0.0953125
5 0.7015625 0.3046875 0.0625 0.08125
0 0.3921875 0.315625 0.0390625 0.053125
0 0.51796875 0.31484375 0.0390625 0.0640625
2 0.4484375 0.23515625 0.0359375 0.059375
1 0.66640625 0.33515625 0.0421875 0.0640625
9 0.38671875 0.15234375 0.165625 0.259375
6 0.334375 0.43359375 0.0546875 0.10625
3 0.584375 0.2859375 0.0265625 0.0390625
4 0.8483414 0.297176978125 0.253437378125 0.52639586875 0.240160025 0.3077251484375 0.21908633125 0.3195001046875 0.2222653578125 0.5693004734375 0.2411071921875 0.6183456781250001 0.9075700875000001 0.3215449125 0.9061163140625 0.2824015234375 0.675037521875 0.1868178640625 0.668385184375 0.20474590781250002 0.6805667234375 0.22672196875 0.8483414 0.297176978125