1 0.6046875 0.321875 0.0453125 0.05625
2 0.328125 0.1359375 0.05625 0.121875
6 0.64453125 0.2984375 0.046875 0.065625
0 0.578125 0.27109375 0.0484375 0.0625
6 0.6203125 0.36484375 0.03125 0.053125
2 0.65390625 0.11953125 0.05 0.1
5 0.34609375 0.3328125 0.053125 0.059375
2 0.1125 0.159375 0.078125 0.14375
2 0.51875 0.1265625 0.046875 0.10625
2 0.85546875 0.13125 0.04375 0.0828125
2 0.76484375 0.12109375 0.04375 0.09375
3 0.753125 0.30625 0.046875 0.06875
3 0.43515625 0.35078125 0.0515625 0.065625
2 0.96328125 0.1703125 0.0609375 0.096875
1 0.5078125 0.3796875 0.0578125 0.0875
5 0.7296875 0.33828125 0.053125 0.0734375
0 0.42265625 0.30078125 0.03125 0.05
0 0.546875 0.3203125 0.0296875 0.0609375
2 0.490625 0.23046875 0.028125 0.05625
1 0.68984375 0.36328125 0.0328125 0.059375
9 0.4421875 0.1390625 0.1296875 0.2421875
6 0.346875 0.40859375 0.0390625 0.1015625
3 0.6171875 0.3015625 0.021875 0.0359375
4 0.87578125 0.3541666671875 0.25234375 0.4875 0.2734375 0.26944444375 0.25078125 0.27777777812500004 0.21484375 0.525 0.22578125 0.5763888890625 0.93046875 0.3875 0.93515625 0.34861111093749997 0.721875 0.21805555625 0.7125 0.23472222187499997 0.72109375 0.25833333281250004 0.87578125 0.3541666671875