1 0.5890625 0.31328125 0.05 0.059375
2 0.296875 0.15234375 0.065625 0.1265625
6 0.6265625 0.28671875 0.0515625 0.06875
0 0.5578125 0.26484375 0.053125 0.0671875
6 0.6078125 0.3546875 0.0359375 0.05625
2 0.6203125 0.1078125 0.0578125 0.1046875
5 0.33203125 0.346875 0.0578125 0.0640625
2 0.084375 0.19453125 0.0890625 0.15
2 0.4859375 0.1265625 0.05625 0.109375
2 0.821875 0.1015625 0.0515625 0.0859375
2 0.73046875 0.09921875 0.0515625 0.096875
3 0.73515625 0.28515625 0.053125 0.071875
3 0.42265625 0.35703125 0.05625 0.06875
2 0.9328125 0.13125 0.06875 0.1015625
1 0.49765625 0.3796875 0.065625 0.0921875
5 0.71484375 0.31875 0.0578125 0.078125
0 0.40546875 0.30859375 0.0359375 0.0515625
0 0.53125 0.3171875 0.034375 0.0640625
2 0.4671875 0.23203125 0.0328125 0.0578125
1 0.67734375 0.346875 0.0375 0.0625
9 0.4109375 0.1453125 0.15 0.253125
6 0.33984375 0.42265625 0.0484375 0.1046875
3 0.59921875 0.2921875 0.0234375 0.0375
4 0.8616410765625 0.32197011249999996 0.252196709375 0.50913223125 0.2542053984375 0.290068 0.23236165937500003 0.3003442453125 0.21810774843749997 0.549757871875 0.233482465625 0.5999979453125001 0.919025665625 0.3504102734375 0.9203059375 0.311260825 0.696457621875 0.199790759375 0.6885708921875 0.2172110890625 0.699189784375 0.2399833578125 0.8616410765625 0.32197011249999996