2 0.09765625 0.14140625 0.0578125 0.1265625
2 0.24140625 0.09921875 0.0484375 0.1015625
2 0.36171875 0.10859375 0.05 0.115625
2 0.5109375 0.12421875 0.046875 0.1265625
2 0.6984375 0.16171875 0.05625 0.1328125
2 0.925 0.21484375 0.078125 0.15625
9 0.4609375 0.25234375 0.3921875 0.3859375
0 0.7328125 0.37734375 0.0609375 0.0625
6 0.59921875 0.44375 0.0359375 0.096875
3 0.725 0.43359375 0.0671875 0.0859375
1 0.8046875 0.52265625 0.096875 0.1375
0 0.884375 0.4734375 0.0453125 0.0796875
5 0.80234375 0.38515625 0.04375 0.059375
0 0.95703125 0.42890625 0.0796875 0.096875
1 0.96796875 0.52265625 0.0640625 0.0828125
6 0.96953125 0.59296875 0.059375 0.0828125
4 0.44164610781249997 0.478833778125 0.43673726406249996 0.521359975 0.9954260703125 0.76640371875 0.9967192296875 0.69231864375 0.4865205375 0.474059003125 0.5925223390625 0.30916706718750003 0.5640576953124999 0.2770099265625 0.44164610781249997 0.478833778125