2 0.1515625 0.0890625 0.075 0.1328125
2 0.29921875 0.0671875 0.0609375 0.10625
2 0.4171875 0.09296875 0.065625 0.1203125
2 0.56328125 0.1296875 0.0640625 0.13125
2 0.74296875 0.19296875 0.0734375 0.1375
2 0.95546875 0.2765625 0.0890625 0.165625
9 0.4953125 0.24921875 0.440625 0.4359375
0 0.74765625 0.4109375 0.06875 0.06875
6 0.60625 0.45859375 0.0484375 0.1015625
3 0.73203125 0.465625 0.078125 0.09375
1 0.7984375 0.56484375 0.1140625 0.1484375
0 0.884375 0.5265625 0.05625 0.0859375
5 0.81484375 0.428125 0.0515625 0.065625
0 0.95859375 0.4921875 0.0828125 0.10625
1 0.96015625 0.5890625 0.075 0.090625
6 0.95234375 0.65703125 0.0703125 0.0890625
4 0.44515977187500005 0.47091847343750004 0.43438019843750003 0.51234763125 0.9535283859374999 0.832761078125 0.9651196109375 0.7595769671875 0.49026200781249996 0.47243548124999996 0.618180728125 0.3239008609375 0.5944685093750001 0.28809515937499997 0.44515977187500005 0.47091847343750004