2 0.14453125 0.0953125 0.071875 0.13125
2 0.2921875 0.07109375 0.059375 0.1046875
2 0.41015625 0.09453125 0.0625 0.1203125
2 0.55703125 0.12890625 0.0609375 0.13125
2 0.7375 0.18828125 0.071875 0.1375
2 0.9546875 0.26953125 0.090625 0.1640625
9 0.49140625 0.24921875 0.434375 0.4296875
0 0.74609375 0.40703125 0.0671875 0.06875
6 0.60546875 0.45625 0.046875 0.1
3 0.73125 0.46171875 0.0765625 0.09375
1 0.79921875 0.559375 0.1125 0.1484375
0 0.884375 0.5203125 0.0546875 0.084375
5 0.8140625 0.42265625 0.05 0.0640625
0 0.9578125 0.48515625 0.084375 0.1046875
1 0.96171875 0.58046875 0.0734375 0.090625
6 0.9546875 0.64921875 0.06875 0.0890625
4 0.4446605828125 0.471879996875 0.4346056890625 0.5134909734375 0.9592667921875 0.8247952359375 0.9695790125 0.751419975 0.4897824234375 0.47260962968750003 0.6150893749999999 0.3218651421875 0.590755871875 0.2864787296875 0.4446605828125 0.471879996875