2 0.19921875 0.18984375 0.06875 0.11875
2 0.31953125 0.14921875 0.0546875 0.1078125
2 0.39609375 0.125 0.05625 0.0984375
2 0.02421875 0.26796875 0.0484375 0.1109375
2 0.02578125 0.3125 0.0515625 0.146875
11 0.70234375 0.0796875 0.1171875 0.0703125
3 0.3609375 0.5046875 0.078125 0.1125
3 0.23046875 0.36015625 0.04375 0.0640625
3 0.26015625 0.309375 0.0453125 0.0640625
0 0.2875 0.28359375 0.03125 0.0578125
6 0.30234375 0.34609375 0.046875 0.0765625
1 0.3078125 0.41796875 0.071875 0.0828125
0 0.371875 0.33984375 0.065625 0.0765625
5 0.34375 0.25859375 0.028125 0.04375
0 0.3765625 0.265625 0.0296875 0.05625
1 0.365625 0.290625 0.0296875 0.05
1 0.4328125 0.2828125 0.046875 0.0609375
6 0.4453125 0.3734375 0.0484375 0.084375
5 0.48515625 0.3265625 0.034375 0.0796875
5 0.503125 0.4609375 0.0875 0.125
6 0.56640625 0.3765625 0.084375 0.1078125
10 0.4546875 0.08984375 0.0703125 0.1578125
10 0.7976761140625 0 0.8022136109375 0.22119504218750002 0.9456611828125 0.276442978125 0.94350820625 0.135874784375 0.9211263875 0.008941184375 0.8439908328125 0 0.7976761140625 0
10 0.5406233406250001 0.1706705328125 0.580514575 0.13343352656250002 0.568433421875 0.0006565609375 0.470012153125 0.020139390625 0.49027018125 0.161427290625 0.5406233406250001 0.1706705328125
4 0.7482416109375001 0.40991685 0.7443073609375 0.3683262171875 0.3786039359375 0.20930662656250001 0.1980639203125 0.30356045 0.20745997031250002 0.3243205453125 0.3800619078125 0.24327973125 0.6790600265625 0.3838581640625 0.697954378125 0.3946213625 0.4521086921875 0.6775818828125 0.45500993437500004 0.7133140421874999 0.47411676875 0.73813455625 0.7482416109375001 0.40991685
8 0.55216954375 0.13258115312500002 0.5564186703125 0.163858309375 0.8023454624999999 0.20909055312499997 0.8039058812500001 0.1665310609375 0.55216954375 0.13258115312500002