2 0.303125 0.115625 0.0640625 0.1171875
2 0.4296875 0.11171875 0.05 0.10625
2 0.51015625 0.1109375 0.053125 0.096875
2 0.10390625 0.13671875 0.0609375 0.109375
2 0.0828125 0.17734375 0.08125 0.1453125
11 0.8171875 0.15703125 0.115625 0.0640625
3 0.365625 0.4640625 0.0734375 0.109375
3 0.2828125 0.2875 0.040625 0.0625
3 0.3265625 0.24765625 0.0421875 0.0640625
0 0.36015625 0.23125 0.028125 0.0578125
6 0.35625 0.2953125 0.0421875 0.075
1 0.33984375 0.365625 0.06875 0.0796875
0 0.42421875 0.309375 0.0625 0.075
5 0.42109375 0.2234375 0.0265625 0.04375
0 0.45078125 0.23984375 0.0265625 0.0546875
1 0.4328125 0.26015625 0.0265625 0.05
1 0.49921875 0.27265625 0.04375 0.059375
6 0.484375 0.3625 0.0453125 0.0828125
5 0.53671875 0.3296875 0.03125 0.0796875
5 0.51484375 0.4640625 0.0828125 0.121875
6 0.59921875 0.4015625 0.0796875 0.1046875
10 0.5765625 0.09453125 0.0625 0.15625
10 1 0.133285459375 0.93232273125 0.1037011828125 0.8705229937500001 0.3217362015625 0.9915496562499999 0.41651007656249994 1 0.387276290625 1 0.133285459375
10 0.6351349109375 0.19693777968749998 0.6841701359375 0.172990921875 0.7114370984375 0.042483490624999995 0.61162014375 0.0323394203125 0.5896844078125001 0.173376584375 0.6351349109375 0.19693777968749998
4 0.7637323968749999 0.486431878125 0.7721299796875 0.4455082953125 0.4688988828125 0.1865157703125 0.2686904578125 0.22386635781250003 0.2716062796875 0.246466475 0.46036037500000004 0.21943068124999998 0.7051925406249999 0.4412850953125 0.7201144453125 0.457102165625 0.40228139687500003 0.6558203359375 0.394608796875 0.6908394109375 0.40562393593749996 0.720161684375 0.7637323968749999 0.486431878125
8 0.6573128578125 0.1638885078125 0.6522317625 0.195041325 0.8741880953125 0.3101991703125 0.888123521875 0.26995554843749997 0.6573128578125 0.1638885078125