2 0.31015625 0.11171875 0.065625 0.11875
2 0.43671875 0.1109375 0.0515625 0.1078125
2 0.51640625 0.1109375 0.0546875 0.0984375
2 0.11015625 0.1296875 0.0640625 0.1109375
2 0.0890625 0.1703125 0.084375 0.1453125
11 0.82265625 0.1625 0.115625 0.065625
3 0.36640625 0.46171875 0.075 0.1109375
3 0.28671875 0.28359375 0.0421875 0.0640625
3 0.33046875 0.24453125 0.04375 0.0640625
0 0.36484375 0.228125 0.0296875 0.0578125
6 0.359375 0.2921875 0.04375 0.075
1 0.3421875 0.3625 0.0703125 0.08125
0 0.42734375 0.30859375 0.0640625 0.075
5 0.4265625 0.221875 0.0265625 0.04375
0 0.45546875 0.2390625 0.028125 0.0546875
1 0.43671875 0.259375 0.028125 0.05
1 0.50390625 0.27265625 0.0453125 0.059375
6 0.48671875 0.3625 0.046875 0.0828125
5 0.53984375 0.33046875 0.0328125 0.0796875
5 0.515625 0.4640625 0.084375 0.1234375
6 0.6015625 0.403125 0.08125 0.1046875
10 0.58359375 0.09609375 0.0640625 0.15625
10 1 0.1391706125 0.939173253125 0.1113066125 0.87357769375 0.3282298703125 0.992931890625 0.4251015171875 1 0.40215834843750004 1 0.1391706125
10 0.6404034937499999 0.1993423671875 0.6898491812499999 0.1762549390625 0.719389659375 0.0462432578125 0.6197649453125 0.0343586875 0.5953711125 0.1749915390625 0.6404034937499999 0.1993423671875
4 0.763929025 0.491036709375 0.7730395437500001 0.4502659171875 0.47437467499999997 0.186020725 0.273544884375 0.21987150625 0.2760658359375 0.24251907031250003 0.46526302187499996 0.21878160625 0.70618600625 0.4448751421875 0.720829590625 0.4609502265625 0.399576840625 0.6540911781250001 0.3912942421875 0.688971015625 0.40179595937499996 0.7184810625 0.763929025 0.491036709375
8 0.6631548515625 0.1666851875 0.6575308390625 0.1977445828125 0.8774435859375 0.3167585609375 0.8920792390625 0.276764275 0.6631548515625 0.1666851875