2 0.9828125 0.13046875 0.034375 0.1671875
2 0.921875 0.08359375 0.06875 0.0890625
2 0.8703125 0.05546875 0.046875 0.04375
6 0.6671875 0.4453125 0.11875 0.159375
1 0.3890625 0.37265625 0.0859375 0.159375
5 0.3390625 0.28515625 0.0578125 0.0875
0 0.49765625 0.29296875 0.08125 0.128125
3 0.38046875 0.21015625 0.071875 0.0859375
0 0.6453125 0.26015625 0.0765625 0.1140625
1 0.725 0.275 0.053125 0.075
3 0.70234375 0.175 0.0703125 0.0765625
5 0.53125 0.1796875 0.0484375 0.0703125
6 0.5890625 0.15078125 0.034375 0.059375
3 0.51875 0.1296875 0.03125 0.065625
1 0.47578125 0.10078125 0.0625 0.065625
0 0.49296875 0.05546875 0.025 0.034375
5 0.59140625 0.1078125 0.05625 0.0609375
6 0.62890625 0.0921875 0.04375 0.059375
4 0.48125 0.3703125 0.940625 0.740625
10 0.1796875 0.0125 0.075 0.025
10 0.0984375 0.03671875 0.10625 0.0734375