2 0.86796875 0.0390625 0.0984375 0.078125
2 0.77265625 0.01015625 0.0765625 0.0203125
6 0.6421875 0.39609375 0.1328125 0.16875
1 0.35546875 0.41328125 0.1 0.1640625
5 0.28046875 0.3453125 0.065625 0.090625
0 0.43359375 0.30390625 0.09375 0.1328125
3 0.296875 0.2609375 0.078125 0.0921875
0 0.5640625 0.2265625 0.0875 0.11875
1 0.64453125 0.2171875 0.059375 0.0796875
3 0.5921875 0.128125 0.0765625 0.0828125
5 0.43046875 0.1859375 0.0546875 0.0734375
6 0.47734375 0.13984375 0.040625 0.0609375
3 0.403125 0.1421875 0.0375 0.0671875
1 0.35390625 0.128125 0.0671875 0.0703125
0 0.35625 0.07890625 0.028125 0.0359375
5 0.465625 0.09921875 0.0609375 0.065625
6 0.496875 0.07265625 0.0484375 0.0625
4 0.46796875 0.39609375 0.9359375 0.7921875
10 0.0390625 0.11640625 0.078125 0.0703125
10 0.01328125 0.159375 0.0265625 0.13125