4 1 0.619691740625 0.4830414296875 0.4761874375 0.564255140625 0.300113115625 0.558706309375 0.2634680203125 0.54365185625 0.26904913124999996 0.4371057625 0.47809497343749996 0.44549432187500004 0.5293219421875001 1 0.6903679390625 1 0.619691740625
2 0.05078125 0.203125 0.065625 0.134375
2 0.1875 0.13828125 0.0578125 0.0984375
2 0.3109375 0.13671875 0.0640625 0.1171875
2 0.4609375 0.13125 0.0703125 0.11875
2 0.6515625 0.1234375 0.065625 0.1171875
2 0.88515625 0.159375 0.096875 0.1515625
9 0.74296875 0.22421875 0.315625 0.4
5 0.615625 0.34140625 0.0625 0.08125
6 0.58984375 0.42890625 0.0546875 0.1015625
3 0.7125 0.4015625 0.0796875 0.1
0 0.7109375 0.33984375 0.05625 0.084375
5 0.7828125 0.340625 0.0484375 0.0703125
1 0.80234375 0.48125 0.1171875 0.14375
0 0.87890625 0.41796875 0.059375 0.1015625
6 0.97109375 0.525 0.0578125 0.103125
0 0.94375 0.3703125 0.084375 0.103125
1 0.9640625 0.46171875 0.071875 0.0953125