4 1 0.67731191875 0.485623421875 0.47454523281250005 0.5847970140625 0.30792460781250003 0.583109034375 0.2709002484375 0.567553665625 0.27487716562500003 0.43974000156250004 0.4716407328125 0.44272793281249995 0.52346391875 1 0.7508253625 1 0.67731191875
2 0.084375 0.1578125 0.053125 0.1296875
2 0.2265625 0.1078125 0.0484375 0.0953125
2 0.34921875 0.11875 0.053125 0.1125
2 0.5 0.12890625 0.059375 0.1140625
2 0.68984375 0.14140625 0.0546875 0.1125
2 0.91875 0.2015625 0.0828125 0.14375
9 0.77109375 0.2515625 0.2796875 0.3734375
5 0.63203125 0.3546875 0.0546875 0.0765625
6 0.596875 0.4390625 0.0453125 0.0984375
3 0.72109375 0.42421875 0.0703125 0.09375
0 0.7265625 0.3625 0.0484375 0.0796875
5 0.79765625 0.37109375 0.0421875 0.0671875
1 0.80234375 0.5125 0.1046875 0.134375
0 0.88515625 0.4578125 0.05 0.096875
6 0.97109375 0.57421875 0.0578125 0.0984375
0 0.9546875 0.4171875 0.075 0.0953125
1 0.9671875 0.5109375 0.065625 0.0890625