2 0.971875 0.096875 0.05625 0.1625
2 0.89140625 0.05546875 0.0640625 0.0859375
2 0.83828125 0.03125 0.0453125 0.040625
6 0.66328125 0.43359375 0.109375 0.153125
1 0.38046875 0.38125 0.075 0.15625
5 0.32421875 0.296875 0.0515625 0.084375
0 0.4828125 0.29375 0.0734375 0.1234375
3 0.36015625 0.21953125 0.065625 0.0828125
0 0.628125 0.25078125 0.0703125 0.109375
1 0.70859375 0.26015625 0.0484375 0.0734375
3 0.67890625 0.16171875 0.065625 0.0734375
5 0.50859375 0.178125 0.04375 0.0671875
6 0.56484375 0.1453125 0.03125 0.0578125
3 0.49296875 0.12890625 0.0265625 0.065625
1 0.4484375 0.103125 0.0578125 0.0625
0 0.4625 0.05703125 0.021875 0.0328125
5 0.5640625 0.103125 0.0515625 0.0578125
6 0.60078125 0.084375 0.0390625 0.05625
4 0.47109375 0.3609375 0.8984375 0.70625
10 0.14453125 0.0234375 0.0703125 0.046875
10 0.065625 0.05 0.1 0.1