4 0.6235179078125 0.30003221562500004 0.4491332296875 0.45701061718749997 0.438606521875 0.507841303125 0.9219042203125 0.8746173453124999 0.9398297515625 0.8027219625 0.4927014703125 0.47169165 0.6316203953125 0.3364165 0.6395725421875 0.300216834375 0.6235179078125 0.30003221562500004
2 0.18671875 0.065625 0.0796875 0.13125
2 0.3375 0.05078125 0.06875 0.1015625
2 0.453125 0.09296875 0.0765625 0.1203125
2 0.59609375 0.14140625 0.0828125 0.1234375
2 0.7765625 0.20234375 0.078125 0.121875
2 0.9625 0.31953125 0.075 0.1578125
9 0.82421875 0.32890625 0.3515625 0.4234375
5 0.66484375 0.39375 0.0703125 0.0859375
6 0.609375 0.465625 0.065625 0.1046875
3 0.73359375 0.484375 0.0890625 0.10625
0 0.7546875 0.42578125 0.065625 0.0875
5 0.82109375 0.453125 0.05625 0.075
1 0.7890625 0.590625 0.13125 0.153125
0 0.8828125 0.559375 0.06875 0.1046875
6 0.93671875 0.69453125 0.0796875 0.1078125
0 0.95703125 0.5375 0.0859375 0.109375
1 0.9484375 0.63125 0.084375 0.1015625