2 0.08125 0.07890625 0.040625 0.021875
2 0.48515625 0.01328125 0.0578125 0.0265625
2 0.60390625 0.0203125 0.0734375 0.040625
2 0.7984375 0.040625 0.1 0.08125
0 0.0828125 0.16953125 0.03125 0.0578125
1 0.1234375 0.1984375 0.065625 0.078125
3 0.16484375 0.32421875 0.09375 0.1046875
5 0.2265625 0.384375 0.0734375 0.1046875
3 0.19296875 0.18515625 0.0375 0.0515625
1 0.35546875 0.3703125 0.090625 0.15
5 0.2609375 0.2125 0.05 0.0671875
6 0.26875 0.1609375 0.0390625 0.0625
5 0.22734375 0.140625 0.0625 0.0671875
6 0.2296875 0.10234375 0.0421875 0.0328125
3 0.35703125 0.12265625 0.0625 0.06875
0 0.34375 0.278125 0.0828125 0.1
0 0.403125 0.1890625 0.0765625 0.09375
1 0.44296875 0.16171875 0.0421875 0.053125
6 0.525 0.2515625 0.0765625 0.0921875
4 0.38828125 0.4171875 0.7765625 0.834375