2 0.034375 0.04375 0.053125 0.0578125
2 0.15234375 0.01875 0.0390625 0.015625
2 0.56328125 0.01328125 0.0546875 0.0265625
2 0.68046875 0.02890625 0.0640625 0.0578125
2 0.8734375 0.06484375 0.078125 0.1296875
0 0.1390625 0.10859375 0.0234375 0.0546875
1 0.17578125 0.14296875 0.05625 0.0703125
3 0.196875 0.2734375 0.08125 0.09375
5 0.2484375 0.34296875 0.0609375 0.096875
3 0.24609375 0.140625 0.03125 0.0484375
1 0.37734375 0.34921875 0.0703125 0.1421875
5 0.30859375 0.178125 0.040625 0.0625
6 0.32421875 0.12890625 0.0296875 0.059375
5 0.28671875 0.10234375 0.0546875 0.059375
6 0.2953125 0.06484375 0.0390625 0.028125
3 0.41796875 0.1046875 0.053125 0.0625
0 0.38046875 0.25625 0.0703125 0.090625
0 0.453125 0.178125 0.0640625 0.0859375
1 0.496875 0.15703125 0.034375 0.05
6 0.56328125 0.25859375 0.065625 0.0828125
4 0.39921875 0.4 0.6828125 0.746875