2 0.05078125 0.028125 0.0515625 0.05625
2 0.16953125 0.00703125 0.0375 0.0140625
2 0.58046875 0.0140625 0.053125 0.028125
2 0.696875 0.03203125 0.0625 0.0640625
2 0.88828125 0.07109375 0.0734375 0.1421875
0 0.153125 0.09609375 0.021875 0.053125
1 0.18828125 0.13203125 0.053125 0.06875
3 0.2046875 0.26328125 0.078125 0.090625
5 0.25390625 0.334375 0.05625 0.0953125
3 0.25859375 0.13203125 0.028125 0.046875
1 0.3828125 0.3453125 0.065625 0.140625
5 0.3203125 0.171875 0.0390625 0.0609375
6 0.3375 0.12265625 0.028125 0.0578125
5 0.30078125 0.0953125 0.053125 0.0578125
6 0.3109375 0.0578125 0.0375 0.0265625
3 0.43203125 0.10234375 0.0515625 0.059375
0 0.3890625 0.25234375 0.0671875 0.0890625
0 0.4640625 0.1765625 0.0625 0.084375
1 0.50859375 0.15703125 0.0328125 0.0484375
6 0.571875 0.2609375 0.0625 0.08125
4 0.403125 0.396875 0.659375 0.725