10 0.08984375 0.421875 0.1625 0.2328125
10 0.2078125 0.396875 0.165625 0.2296875
10 0.575 0.31171875 0.1296875 0.1859375
10 0.66328125 0.29453125 0.1015625 0.16875
2 0.784375 0.3046875 0.0828125 0.121875
2 0.94609375 0.3234375 0.084375 0.1640625
8 0.41484375 0.4140625 0.28125 0.103125
4 0.5 0.67890625 1 0.6421875
3 0.328125 0.7421875 0.103125 0.1609375
0 0.428125 0.64921875 0.05625 0.103125
0 0.39765625 0.578125 0.0703125 0.0796875
0 0.54296875 0.65078125 0.1 0.14375
5 0.66953125 0.634375 0.065625 0.1109375
3 0.56875 0.51953125 0.0703125 0.090625
6 0.3015625 0.62578125 0.1015625 0.1203125
5 0.73046875 0.5625 0.1015625 0.128125
5 0.6578125 0.4828125 0.05625 0.0671875
1 0.6234375 0.55859375 0.0484375 0.08125
6 0.81875 0.48828125 0.075 0.0953125
1 0.928125 0.52734375 0.096875 0.1265625
1 0.76015625 0.4484375 0.0578125 0.0703125
3 0.5234375 0.56875 0.0484375 0.06875
7 0.4890625 0.33671875 0.0765625 0.05
6 0.74765625 0.50078125 0.040625 0.0609375