10 0.09609375 0.39296875 0.1484375 0.2265625
10 0.21640625 0.3765625 0.153125 0.2234375
10 0.5875 0.3171875 0.1203125 0.1796875
10 0.67734375 0.30625 0.0921875 0.165625
2 0.79765625 0.325 0.0765625 0.1171875
2 0.9578125 0.35546875 0.075 0.1625
8 0.42109375 0.40859375 0.2796875 0.084375
4 0.5 0.69609375 1 0.6078125
3 0.31171875 0.7296875 0.09375 0.1578125
0 0.41796875 0.64375 0.05 0.1015625
0 0.39296875 0.57109375 0.0671875 0.0765625
0 0.5328125 0.65390625 0.0921875 0.1390625
5 0.66015625 0.64609375 0.0578125 0.109375
3 0.5671875 0.52421875 0.065625 0.0875
6 0.29296875 0.6109375 0.09375 0.115625
5 0.72578125 0.578125 0.09375 0.1234375
5 0.65859375 0.49375 0.053125 0.0640625
1 0.61953125 0.56640625 0.04375 0.0796875
6 0.81875 0.51015625 0.06875 0.0921875
1 0.92578125 0.55703125 0.0890625 0.121875
1 0.7625 0.4671875 0.0546875 0.0671875
3 0.51875 0.5703125 0.04375 0.0671875
7 0.5 0.33671875 0.0734375 0.046875
6 0.746875 0.51796875 0.0375 0.0578125