10 0.28125 0.0109375 0.096875 0.021875
10 0.3828125 0.01328125 0.10625 0.0265625
10 0.7765625 0.06015625 0.1140625 0.071875
10 0.87421875 0.07734375 0.1046875 0.08125
8 0.5765625 0.03203125 0.290625 0.0640625
6 0.0859375 0.8171875 0.171875 0.278125
3 0.2015625 0.56484375 0.16875 0.2015625
5 0.471875 0.621875 0.1640625 0.2625
1 0.2765625 0.27421875 0.096875 0.109375
5 0.36484375 0.23671875 0.0515625 0.0921875
6 0.3828125 0.36953125 0.10625 0.15625
1 0.51484375 0.2859375 0.109375 0.1359375
3 0.6046875 0.43828125 0.1390625 0.196875
6 0.640625 0.28046875 0.059375 0.0890625
3 0.73046875 0.37890625 0.0578125 0.1171875
1 0.80078125 0.31875 0.0609375 0.0828125
0 0.86328125 0.4203125 0.134375 0.165625
0 0.9796875 0.38359375 0.040625 0.0828125
4 0.5 0.35078125 1 0.4578125