10 0.109375 0.3515625 0.128125 0.2140625
10 0.23046875 0.34765625 0.13125 0.209375
10 0.60625 0.32734375 0.103125 0.1703125
10 0.696875 0.32578125 0.075 0.159375
2 0.8140625 0.35703125 0.065625 0.1125
2 0.9703125 0.40390625 0.059375 0.15625
8 0.43125 0.40078125 0.275 0.05625
4 0.5 0.721875 1 0.55625
3 0.2890625 0.70859375 0.078125 0.15
0 0.403125 0.634375 0.040625 0.096875
0 0.3859375 0.559375 0.059375 0.071875
0 0.51640625 0.65625 0.078125 0.13125
5 0.64375 0.66171875 0.046875 0.1046875
3 0.5640625 0.53125 0.05625 0.08125
6 0.2828125 0.5890625 0.084375 0.10625
5 0.71640625 0.6015625 0.0828125 0.115625
5 0.65859375 0.51015625 0.046875 0.059375
1 0.61171875 0.57890625 0.0359375 0.0765625
6 0.815625 0.54375 0.059375 0.0875
1 0.9171875 0.6015625 0.078125 0.115625
1 0.76484375 0.49453125 0.046875 0.0625
3 0.5109375 0.571875 0.0375 0.0625
7 0.5171875 0.3375 0.0703125 0.0390625
6 0.74375 0.54375 0.03125 0.05625