10 0.21328125 0.02890625 0.09375 0.05
10 0.31484375 0.02265625 0.1015625 0.040625
10 0.7125 0.028125 0.109375 0.05625
10 0.81171875 0.0328125 0.0984375 0.065625
8 0.509375 0.021875 0.2875 0.04375
6 0.10546875 0.8734375 0.2046875 0.253125
3 0.21328125 0.60546875 0.1515625 0.1875
5 0.4890625 0.62421875 0.1390625 0.25
1 0.24765625 0.3078125 0.0875 0.1015625
5 0.3296875 0.25859375 0.0421875 0.0890625
6 0.365625 0.38671875 0.0921875 0.146875
1 0.484375 0.2859375 0.096875 0.128125
3 0.59453125 0.42421875 0.1203125 0.1859375
6 0.60859375 0.26328125 0.0515625 0.084375
3 0.71171875 0.34765625 0.0453125 0.1140625
1 0.77265625 0.27890625 0.053125 0.078125
0 0.8484375 0.3703125 0.11875 0.1546875
0 0.9671875 0.31796875 0.0484375 0.078125
4 0.5 0.35 1 0.35625