10 0.165625 0.06171875 0.096875 0.0578125
10 0.26640625 0.04453125 0.10625 0.0515625
10 0.66171875 0.02109375 0.1140625 0.0421875
10 0.76015625 0.01953125 0.1046875 0.0390625
8 0.459375 0.03046875 0.290625 0.0609375
6 0.14765625 0.88828125 0.2296875 0.2234375
3 0.22578125 0.63515625 0.16875 0.2015625
5 0.50234375 0.625 0.1640625 0.2625
1 0.22890625 0.33515625 0.096875 0.109375
5 0.3046875 0.27734375 0.0515625 0.0921875
6 0.3546875 0.4015625 0.10625 0.15625
1 0.4625 0.2890625 0.109375 0.1359375
3 0.58671875 0.41484375 0.1390625 0.196875
6 0.5828125 0.253125 0.059375 0.0890625
3 0.69453125 0.3265625 0.0578125 0.1171875
1 0.7484375 0.2515625 0.0609375 0.0828125
0 0.8328125 0.334375 0.134375 0.165625
0 0.9453125 0.26953125 0.05625 0.0828125
4 0.49921875 0.35078125 0.9984375 0.4578125