3 0.559375 0.38125 0.1046875 0.09375
0 0.47109375 0.27578125 0.05625 0.084375
5 0.32734375 0.309375 0.090625 0.128125
3 0.32890625 0.13125 0.071875 0.065625
0 0.38359375 0.1625 0.034375 0.084375
1 0.5109375 0.15703125 0.0359375 0.0484375
6 0.57734375 0.1859375 0.0375 0.0859375
6 0.1640625 0.2390625 0.0921875 0.084375
1 0.1953125 0.12578125 0.0625 0.0515625
5 0.0671875 0.215625 0.05625 0.0484375
5 0.20859375 0.171875 0.0609375 0.05625
6 0.36875 0.22890625 0.0671875 0.0828125
1 0.5015625 0.20625 0.05625 0.0578125
0 0.71953125 0.28984375 0.0890625 0.1125
3 0.7265625 0.21875 0.0390625 0.0390625
2 0.90390625 0.0484375 0.0609375 0.096875
2 0.7390625 0.04140625 0.05625 0.0828125
2 0.5703125 0.021875 0.053125 0.04375
2 0.43515625 0.0140625 0.046875 0.0265625
2 0.071875 0.04140625 0.0625 0.0421875
4 0 0.2988050640625 0.9496064703125 0.7643316734375001 0.973331596875 0.679640596875 0.82650718125 0.1769136 0.8021423515624999 0.204615609375 0.8803011812499999 0.5913328531250001 0.000825496875 0.24522005156249999 0.0392335546875 0.21678206875 0.0391220703125 0.18479962656249999 0.0948782453125 0.1888315453125 0.1648375234375 0.1503952609375 0.162366103125 0.1032377546875 0 0.19522182187499998 0 0.2988050640625