3 0.5734375 0.3890625 0.10625 0.0953125
0 0.4984375 0.2734375 0.0578125 0.0859375
5 0.3515625 0.28984375 0.0921875 0.1296875
3 0.375 0.11328125 0.071875 0.0671875
0 0.42578125 0.15078125 0.0359375 0.0859375
1 0.55234375 0.1609375 0.0359375 0.0484375
6 0.61484375 0.19765625 0.0390625 0.0859375
6 0.1984375 0.2 0.09375 0.0859375
1 0.24375 0.09140625 0.0625 0.053125
5 0.10546875 0.165625 0.05625 0.05
5 0.25 0.1390625 0.0609375 0.05625
6 0.40234375 0.21484375 0.06875 0.0828125
1 0.5375 0.20859375 0.0578125 0.059375
0 0.74375 0.31796875 0.090625 0.1140625
3 0.75859375 0.2484375 0.0390625 0.040625
2 0.9578125 0.090625 0.0640625 0.11875
2 0.79453125 0.0671875 0.0578125 0.0984375
2 0.62890625 0.03125 0.053125 0.05
2 0.4953125 0.01171875 0.046875 0.0234375
2 0.13046875 0.00703125 0.0640625 0.0140625
4 0.8358885296875 0.24363925000000003 0.8663358000000001 0.636999128125 0.0355961328125 0.1862850734375 0.0771836203125 0.162739828125 0.080970646875 0.1309821921875 0.1358198578125 0.141779025 0.20994187343749998 0.11215512968750001 0.2132359296875 0.0650479390625 0.0236950609375 0.1436844578125 0.017494485937500002 0.23235681874999997 0.9140412453125 0.8171546296875001 0.9479107734375001 0.73598619375 0.8634477734375 0.2191130515625 0.8358885296875 0.24363925000000003