3 0.58125 0.39453125 0.1125 0.1015625
0 0.5140625 0.27421875 0.0625 0.0890625
5 0.3671875 0.28046875 0.1 0.134375
3 0.40234375 0.10546875 0.0765625 0.071875
0 0.45 0.146875 0.0421875 0.0875
1 0.5765625 0.16484375 0.0390625 0.05
6 0.6359375 0.20703125 0.0453125 0.0875
6 0.2203125 0.1796875 0.0984375 0.0921875
1 0.27265625 0.07421875 0.065625 0.05625
5 0.1296875 0.13828125 0.059375 0.053125
5 0.2765625 0.121875 0.0640625 0.0609375
6 0.42265625 0.209375 0.0734375 0.0875
1 0.5578125 0.2125 0.0609375 0.0625
0 0.75546875 0.3359375 0.096875 0.11875
3 0.77578125 0.2671875 0.0421875 0.0421875
2 0.975 0.1234375 0.05 0.121875
2 0.8234375 0.0890625 0.0640625 0.1015625
2 0.66171875 0.04140625 0.05625 0.053125
2 0.52890625 0.0125 0.0484375 0.025
4 0.85295314375 0.26769413124999997 0.8558868484375 0.6622196984375 0.05861104375 0.154654090625 0.1017396609375 0.134067196875 0.1077327625 0.102651090625 0.1616952140625 0.1172477109375 0.23770313125000003 0.09286646875 0.24427519375 0.0461038109375 0.04971063125 0.11132707187499999 0.0373396890625 0.1993509 0.8909090734375 0.8452641140624999 0.9303581203125001 0.76665601875 0.8821561156250001 0.2451501140625 0.85295314375 0.26769413124999997