4 1 0.469697925 0 0.432649190625 0 0.499506328125 1 0.5745491 1 0.469697925
5 0.03203125 0.37421875 0.0640625 0.0890625
6 0.19140625 0.365625 0.121875 0.14375
2 0.76953125 0.015625 0.0890625 0.03125
2 0.61875 0.01484375 0.06875 0.0296875
2 0.4515625 0.02265625 0.071875 0.0453125
2 0.3203125 0.04296875 0.0734375 0.0421875
2 0.203125 0.065625 0.0546875 0.0265625
3 0.6991236359374999 0.4331760078125 0.7503101421875 0.45763038125 0.7884867343749999 0.4137581 0.785753428125 0.3414377921875 0.7296047703124999 0.306769359375 0.6897400140625 0.3567881765625 0.6991236359374999 0.4331760078125
6 0.59609375 0.17421875 0.059375 0.0921875
0 0.38984375 0.20703125 0.0640625 0.096875
0 0.56953125 0.29375 0.0734375 0.1171875
1 0.50925138125 0.252922634375 0.528530321875 0.26242993281250004 0.5762091765624999 0.2405224046875 0.5666371765625 0.1956725140625 0.5452561828125 0.1809636859375 0.5016256593749999 0.1932734046875 0.50925138125 0.252922634375
5 0.22635351718750002 0.290534615625 0.2101312015625 0.24161720312499999 0.164820665625 0.24718875625 0.1532697859375 0.26867701718750003 0.1699222921875 0.3031730921875 0.22635351718750002 0.290534615625
1 0.1751833109375 0.240310834375 0.160899125 0.1894787875 0.1266232390625 0.19086768437499999 0.1029436625 0.21537996874999998 0.11074145937499999 0.26926066249999997 0.15301982187500002 0.264445115625 0.1751833109375 0.240310834375
3 0.2768390328125 0.2249850734375 0.3277918765625 0.21943814062500003 0.3392567171875 0.20083414843749997 0.32371455781249997 0.1417273 0.2821082015625 0.1492381140625 0.2637349296875 0.1724273875 0.2768390328125 0.2249850734375
0 0.8476340484374999 0.2343991203125 0.8322476640625001 0.195293140625 0.765978175 0.18461923125 0.758701140625 0.23939568906250003 0.78208185 0.28795972187499996 0.848523415625 0.2928650953125 0.8476340484374999 0.2343991203125
3 0.7619135421875 0.219986446875 0.75578760625 0.1857286171875 0.7785289125 0.1800585734375 0.7793811453124999 0.16410060312500002 0.74940355625 0.16012359375000002 0.73215543125 0.1629983515625 0.737328296875 0.211802159375 0.7619135421875 0.219986446875
5 0.42469104062499996 0.401401190625 0.43502108437500003 0.4460620796875 0.5036588937500001 0.44040001562500003 0.51620963125 0.4358393578125 0.4995815765625 0.362689175 0.4582740875 0.29712367500000003 0.3981223828125 0.3335922953125 0.42469104062499996 0.401401190625
6 0.3978434328125 0.2420517453125 0.3876365625 0.2689305359375 0.395942440625 0.31839032968750003 0.46677649218750006 0.30216082499999997 0.45425835625 0.2551826734375 0.3978434328125 0.2420517453125
1 0.5262435062499999 0.14991888281250002 0.4930616671875 0.15246641249999998 0.496913471875 0.18729124531250002 0.532963559375 0.176871540625 0.5262435062499999 0.14991888281250002