4 1 0.38178644375 0.8964369218750001 0.21520873593749998 0.8786218140625 0.251014384375 0.99250036875 0.48637101875 0.9959564109375 0.6017266828125 0.011256746875 0.298383990625 0.1799646390625 0.1679751546875 0.1944073609375 0.10155043125 0.0047058875 0.226036421875 0.0022819421875 0.36490415781249996 0.9963606484374999 0.712861775 1 0.5043634609375001 1 0.38178644375
5 0.075 0.25546875 0.0609375 0.078125
6 0.23671875 0.28984375 0.0953125 0.1265625
2 0.89765625 0.06015625 0.0671875 0.10625
2 0.746875 0.03828125 0.0546875 0.06875
2 0.57890625 0.02265625 0.0640625 0.0421875
2 0.44453125 0.01328125 0.0703125 0.0265625
2 0.03515625 0.0390625 0.0578125 0.078125
2 0.325 0.00546875 0.053125 0.0109375
3 0.709633984375 0.48698996875 0.7527470953125001 0.523859121875 0.800977834375 0.4913625828125 0.8170555359374999 0.420799096875 0.771792946875 0.3727796203125 0.7203407265624999 0.41077633125 0.709633984375 0.48698996875
6 0.67734375 0.21015625 0.040625 0.0859375
0 0.46953125 0.18828125 0.0453125 0.0890625
0 0.6203125 0.31875 0.0515625 0.109375
1 0.5728844750000001 0.263736025 0.5890458328125 0.277909128125 0.6407701546875 0.2690882765625 0.64313231875 0.22328919218749999 0.6262867890625 0.203547746875 0.5809569515625 0.2041456109375 0.5728844750000001 0.263736025
5 0.289891425 0.22684705312500003 0.2868826296875 0.1753978171875 0.2416739890625 0.1690522953125 0.224955125 0.1868187734375 0.2321119703125 0.22444940937500002 0.289891425 0.22684705312500003
1 0.2534636734375 0.1650907828125 0.2528225109375 0.112293775 0.2193550734375 0.10476409687499999 0.1901381140625 0.12231241875000001 0.1837248578125 0.1763753921875 0.225808975 0.182666375 0.2534636734375 0.1650907828125
3 0.355622159375 0.1765976703125 0.406274478125 0.1844273125 0.4221637328125 0.1694245546875 0.4224491375 0.10830911562500001 0.38031654062500003 0.1047954875 0.3565674984375 0.122439253125 0.355622159375 0.1765976703125
0 0.904531271875 0.3334235625 0.8997905390625001 0.2916677984375 0.8385417374999999 0.2642057875 0.817335471875 0.31523234843750003 0.82735020625 0.3681929734375 0.8902582265625 0.39012754374999997 0.904531271875 0.3334235625
3 0.8254618953125 0.297315890625 0.828411275 0.262639859375 0.8518452046875 0.2630489 0.856798625 0.247855259375 0.8288718234375001 0.236254990625 0.811467371875 0.23456765000000002 0.8038326203124999 0.28304734531250003 0.8254618953125 0.297315890625
5 0.45277638124999997 0.385269471875 0.4511953484375 0.4310821890625 0.51895983125 0.4433778265625 0.532263296875 0.44222093906250004 0.535134490625 0.36725963125 0.5122041203125 0.29323705625 0.4446632609375 0.3128946328125 0.45277638124999997 0.385269471875
6 0.4680862546875 0.22440105312499997 0.4512704328125 0.24772223906250002 0.44649215625 0.2976464515625 0.5191131015625 0.3003031546875 0.5191803515625 0.2516858125 0.4680862546875 0.22440105312499997
1 0.6159569421875 0.1686399265625 0.583246396875 0.162512559375 0.5779536249999999 0.1971476859375 0.615472153125 0.19641347343749999 0.6159569421875 0.1686399265625