4 0.537042946875 0.7092120859375 0.9716258953124999 0.23833015624999998 0.9571669984375 0.131325853125 0.7627431234375 0.04634421875 0.753944965625 0.0730940203125 0.9620045312500001 0.17072438437499998 0.95828698125 0.20637422968750002 0.537267465625 0.5572129984374999 0.2868410515625 0.20243367812500002 0.2702809578125 0.21406514843750002 0.2728779375 0.2425408703125 0.537042946875 0.7092120859375
1 0.403125 0.2421875 0.09375 0.128125
5 0.55 0.3984375 0.0859375 0.13125
5 0.56484375 0.24609375 0.078125 0.0875
3 0.53125 0.15390625 0.071875 0.0875
6 0.7296875 0.27890625 0.109375 0.1578125
6 0.759375 0.178125 0.0703125 0.0796875
5 0.87265625 0.21328125 0.0828125 0.11875
3 0.921875 0.18046875 0.0609375 0.0890625
0 0.8296875 0.15859375 0.04375 0.06875
0 0.84296875 0.1 0.065625 0.08125
3 0.78515625 0.0890625 0.0359375 0.0453125
1 0.73125 0.125 0.0421875 0.0546875
1 0.6671875 0.109375 0.0375 0.05
0 0.63984375 0.15078125 0.0625 0.0828125
6 0.71875 0.09375 0.0359375 0.059375
2 0.8453125 0.021875 0.0625 0.04375
2 0.49375 0.01015625 0.05625 0.0203125
2 0.3703125 0.03359375 0.0640625 0.0484375
2 0.221875 0.059375 0.0671875 0.0640625
2 0.05 0.10234375 0.08125 0.109375