4 1 0.2763564015625 0.9985778984374999 0.281681128125 0.52785855625 0.562338528125 0.33601502031249997 0.1727518078125 0.31783924531249996 0.18164950625 0.3159496671875 0.21018090156250002 0.50385890625 0.71243113125 1 0.320663121875 1 0.2763564015625
1 0.44453125 0.2296875 0.084375 0.121875
5 0.56484375 0.4078125 0.075 0.1265625
5 0.60390625 0.259375 0.071875 0.0828125
3 0.58515625 0.16328125 0.065625 0.0828125
6 0.7609375 0.31796875 0.096875 0.15
6 0.80703125 0.22265625 0.065625 0.0734375
5 0.9125 0.275 0.0734375 0.1140625
3 0.9671875 0.25078125 0.0546875 0.084375
0 0.87890625 0.21484375 0.0390625 0.065625
0 0.9015625 0.15859375 0.059375 0.0765625
3 0.8453125 0.13828125 0.0328125 0.0421875
1 0.78671875 0.16640625 0.0375 0.0515625
1 0.72578125 0.140625 0.0328125 0.0484375
0 0.69296875 0.1765625 0.05625 0.0796875
6 0.7796875 0.1328125 0.03125 0.0578125
2 0.91953125 0.0578125 0.0546875 0.0890625
2 0.57109375 0.0125 0.0546875 0.021875
2 0.44453125 0.0203125 0.0609375 0.040625
2 0.29375 0.025 0.0625 0.05
2 0.11640625 0.04453125 0.0734375 0.0890625