2 0.81484375 0.2265625 0.0984375 0.15625
6 0.8140625 0.72109375 0.1015625 0.1265625
5 0.77265625 0.44921875 0.059375 0.0734375
1 0.91640625 0.6703125 0.121875 0.1421875
1 0.65625 0.55390625 0.1375 0.165625
2 0.2828125 0.0515625 0.078125 0.103125
0 0.92890625 0.56796875 0.121875 0.13125
6 0.50546875 0.4078125 0.0765625 0.109375
3 0.64375 0.45546875 0.071875 0.096875
0 0.69609375 0.4140625 0.0734375 0.08125
2 0.421875 0.05703125 0.0609375 0.0921875
0 0.79453125 0.5625 0.071875 0.10625
5 0.603125 0.3703125 0.059375 0.078125
2 0.5125 0.09140625 0.06875 0.109375
2 0.6375 0.14453125 0.08125 0.121875
1 0.89921875 0.8734375 0.078125 0.15
2 0.11015625 0.06640625 0.0609375 0.1328125
4 0.8906428125 1 0.8967791703125 0.9753884140625001 0.4012333609375 0.39235305625 0.6091917875 0.31394480625 0.6208821421875 0.289662790625 0.61001141875 0.278363965625 0.33788555625 0.3622445984375 0.3278054765625 0.4026735859375 0.7974989484375 1 0.8906428125 1