2 0.71484375 0.14296875 0.075 0.1484375
6 0.86640625 0.61328125 0.084375 0.115625
5 0.74375 0.3671875 0.05 0.0671875
1 0.9484375 0.53359375 0.103125 0.1296875
1 0.665625 0.503125 0.115625 0.1515625
2 0.153125 0.134375 0.0609375 0.109375
0 0.92890625 0.43203125 0.1046875 0.1171875
6 0.4765625 0.4109375 0.0609375 0.1015625
3 0.6234375 0.41328125 0.059375 0.090625
0 0.66015625 0.3578125 0.0625 0.0734375
2 0.2890625 0.103125 0.046875 0.0875
0 0.79921875 0.46796875 0.05625 0.1015625
5 0.5578125 0.34453125 0.0484375 0.0734375
2 0.3859375 0.1078125 0.053125 0.103125
2 0.52109375 0.11953125 0.0625 0.115625
1 0.98359375 0.73203125 0.0328125 0.1453125
2 0.96171875 0.21328125 0.0484375 0.15
2 0.00703125 0.20546875 0.0140625 0.1359375
4 1 0.8145614921875 0.372802609375 0.42814224375 0.5463533453125 0.289308878125 0.5499679765625001 0.2626027890625 0.536137775 0.2552162078125 0.3032512421875 0.41908294531249995 0.3061577609375 0.4606481140625 1 0.925505103125 1 0.8145614921875