2 0.72734375 0.15078125 0.0703125 0.146875
6 0.8625 0.62578125 0.08125 0.1140625
5 0.7484375 0.37578125 0.046875 0.065625
1 0.94765625 0.54921875 0.0984375 0.1265625
1 0.665625 0.509375 0.1109375 0.146875
2 0.16640625 0.12265625 0.0578125 0.1078125
0 0.93125 0.44765625 0.1015625 0.1140625
6 0.4796875 0.41015625 0.0578125 0.1
3 0.62578125 0.4171875 0.05625 0.0890625
0 0.66484375 0.3640625 0.0609375 0.071875
2 0.303125 0.0953125 0.04375 0.0859375
0 0.8 0.47890625 0.053125 0.1
5 0.56328125 0.346875 0.0453125 0.071875
2 0.39921875 0.10390625 0.05 0.1015625
2 0.534375 0.1203125 0.059375 0.1140625
1 0.98046875 0.7484375 0.0390625 0.14375
2 0.97109375 0.2296875 0.0421875 0.1484375
2 0.0109375 0.1890625 0.021875 0.134375
4 1 0.8393264031250001 0.3753878953125 0.4237468921875 0.553678121875 0.2910549328125 0.55822258125 0.2644912625 0.5446585921875 0.25662651406250003 0.30619505937499997 0.41226580625000003 0.30764920625 0.4539070890625 1 0.9536339015624999 1 0.8393264031250001