4 0.5479414953124999 0.7069866890625 0.9572848078125 0.2140057734375 0.9372455531250001 0.1079048359375 0.738640534375 0.0332150265625 0.7312544109375 0.060388626562500006 0.9441384156250001 0.146996196875 0.9422917296875 0.1827917453125 0.5402106890625 0.5551841625 0.2715597609375 0.21399735937500003 0.2556311046875 0.22647957812500003 0.2597148296875 0.2547803609375 0.5479414953124999 0.7069866890625
1 0.38984375 0.24765625 0.0984375 0.13125
5 0.54453125 0.39609375 0.0921875 0.134375
5 0.5515625 0.24375 0.0828125 0.090625
3 0.51328125 0.15234375 0.075 0.090625
6 0.71796875 0.2671875 0.115625 0.1609375
6 0.7421875 0.165625 0.0734375 0.08125
5 0.85703125 0.19453125 0.0890625 0.121875
3 0.9046875 0.15859375 0.065625 0.090625
0 0.8109375 0.1421875 0.046875 0.0703125
0 0.82109375 0.08203125 0.06875 0.0828125
3 0.76328125 0.07421875 0.0375 0.046875
1 0.7109375 0.1140625 0.04375 0.05625
1 0.64609375 0.1015625 0.0390625 0.0515625
0 0.62109375 0.14375 0.065625 0.0859375
6 0.696875 0.0828125 0.0390625 0.0609375
2 0.81796875 0.0140625 0.0671875 0.028125
2 0.46796875 0.01171875 0.0578125 0.0234375
2 0.34609375 0.040625 0.0671875 0.0515625
2 0.19921875 0.075 0.06875 0.0671875
2 0.0359375 0.1265625 0.071875 0.1125