3 0.530746346875 0.51458845625 0.5171028375 0.57846753125 0.56317304375 0.6253746062500001 0.5726697171875 0.6277542828125 0.5953843734375 0.5979119359375 0.609681684375 0.570816328125 0.6239909390625 0.521157790625 0.6179624515625 0.5081071296874999 0.5934917421875 0.49392008125000003 0.5897943203125 0.48339592343750004 0.5722938875 0.474668865625 0.530746346875 0.51458845625
5 0.43632071406249995 0.42248683125 0.4290634125 0.41415559999999996 0.3878487453125 0.46118545937500005 0.38103797031250003 0.5178074390625 0.3893287546875 0.527026059375 0.43618028437499995 0.55150586875 0.46996524375000004 0.5038711078125 0.4798535421875 0.4477917765625 0.47435325781250004 0.43624456875 0.4618019828125 0.4354417546875 0.4604585515625 0.42956361249999997 0.44968721718750004 0.4276643359375 0.44449688125 0.4211078796875 0.43632071406249995 0.42248683125
1 0.35279008749999996 0.4620552453125 0.368476678125 0.4450768078125 0.375046275 0.389822615625 0.3690636328125 0.381010984375 0.352860784375 0.373923040625 0.333109034375 0.39371046718749997 0.3257700578125 0.448828996875 0.3276187671875 0.454091075 0.35279008749999996 0.4620552453125
6 0.352860784375 0.373923040625 0.36981009062500003 0.37902713125 0.373749653125 0.340938128125 0.3521152890625 0.3286615171875 0.3350623453125 0.3376422984375 0.33114570625 0.3778508171875 0.3404241265625 0.38371779687499996 0.352860784375 0.373923040625
1 0.340610403125 0.2589377890625 0.30291073125 0.25229031874999996 0.28469774375 0.2723490703125 0.2803216734375 0.3174126796875 0.3234299359375 0.327129303125 0.339266009375 0.3003050203125 0.340610403125 0.2589377890625
6 0.302475184375 0.21201955 0.2995700671875 0.20375056875 0.2622261921875 0.20633288125 0.25883775625 0.2480448515625 0.27475357968749997 0.2522615546875 0.2989950546875 0.2452534640625 0.302475184375 0.21201955
3 0.35981006249999997 0.2827727703125 0.3778506421875 0.27044034843750003 0.382146 0.2415811265625 0.3795279078125 0.236183384375 0.36361208437500003 0.2319666796875 0.344538021875 0.2434117140625 0.34183921562499997 0.254218359375 0.342619578125 0.279036465625 0.35981006249999997 0.2827727703125
0 0.45375622812499994 0.23587385 0.446763028125 0.2282943453125 0.4175723953125 0.2273781921875 0.4118070453125 0.26232463125 0.420316084375 0.26805594843749997 0.447703853125 0.26794905 0.45375622812499994 0.23587385
0 0.41748975625 0.338073328125 0.4317292765625 0.329301621875 0.43646114375 0.29346779375 0.4342795609375 0.281095446875 0.42293417499999997 0.27345369062499997 0.4059270796875 0.28667349999999997 0.401631721875 0.31553272187500003 0.4023203890625 0.33187277187499997 0.41748975625 0.338073328125
5 0.483542871875 0.29189737031249996 0.49029585625000005 0.25359929062500003 0.47257716875 0.24835953437499997 0.46556008281250005 0.28590588906250003 0.483542871875 0.29189737031249996
1 0.4562907171875 0.3992121015625 0.4663155953125 0.4030952296875 0.482380903125 0.3974660875 0.48952454999999995 0.347954375 0.4712896015625 0.318648240625 0.45517844687500003 0.320038353125 0.451641490625 0.32435079375 0.44425666562500005 0.3752302953125 0.454132059375 0.38895926875 0.4562907171875 0.3992121015625
3 0.5229159578125 0.453269371875 0.5339513953125 0.4559203734375 0.550212034375 0.4446844171875 0.5591814687500001 0.3983152671875 0.5552199453125 0.387039384375 0.5433463578125 0.3778941765625 0.5316103109375 0.3814660546875 0.5230205578125 0.3919391234375 0.51356876875 0.4410438484375 0.5229159578125 0.453269371875
0 0.565119225 0.3556424984375 0.57384748125 0.3106411375 0.5699318046874999 0.30360428125 0.537571953125 0.29366742343749996 0.519645990625 0.316597415625 0.51241065 0.357631071875 0.5514996 0.3743957109375 0.565119225 0.3556424984375
6 0.6243835265625 0.41545340937499997 0.6123824156250001 0.465518934375 0.64365099375 0.4928923078125 0.6575227765625 0.4974537484375 0.6638960796875 0.4950517484375 0.6782621609375 0.47431468125 0.69435135625 0.42355967968749997 0.6916874171875 0.413922909375 0.6700988999999999 0.4058853296875 0.6674578859375 0.398368071875 0.6522655953125 0.390048003125 0.6243835265625 0.41545340937499997
2 0.826997734375 0.3101482859375 0.8849305484375 0.341518125 0.8972984359374999 0.3253648265625 0.892349278125 0.3174405828125 0.914296478125 0.192971825 0.9126889453125001 0.18634195625 0.9052363124999999 0.18361754218749998 0.9001605937500001 0.1876586578125 0.840904384375 0.2942663125 0.826997734375 0.3101482859375
2 0.6601007984375 0.21514021875 0.6757525203125 0.21860519687500002 0.688280871875 0.21728849687500001 0.69359776875 0.2118795921875 0.6863404671875 0.203548359375 0.696539678125 0.105214409375 0.6880535625 0.10160260624999999 0.6485949484375 0.1926618625 0.6376741296875 0.20060843125 0.6601007984375 0.21514021875
2 0.53293563125 0.1489978109375 0.55344481875 0.15190897812499998 0.562413290625 0.152785203125 0.56542204375 0.14696931093750001 0.5589799703125 0.14301277031249998 0.5619557828125 0.06314954687499999 0.5562601671875 0.0572091546875 0.529169440625 0.1321151109375 0.5205567640625001 0.1404686671875 0.53293563125 0.1489978109375
2 0.4736264453125 0.037702498437499996 0.46971076875 0.03066564375 0.4636703390625 0.0401779109375 0.4464211015625 0.10201088437500001 0.465173271875 0.1081380265625 0.4748882 0.10703040156250002 0.4736264453125 0.037702498437499996
2 0.4108691078125 0.0809338046875 0.41387786093749995 0.0751179125 0.4112148859375 0.018235767187499998 0.406575675 0.015302278124999999 0.3887753109375 0.073512284375 0.38985464062499997 0.0786387015625 0.40190063593750003 0.0800575765625 0.4108691078125 0.0809338046875
2 0.29557656718750003 0.071181978125 0.288974990625 0.005143465625 0.283807578125 0.0007065234375 0.265134196875 0.072865740625 0.277203115625 0.0764041328125 0.294106575 0.07726919531250001 0.29557656718750003 0.071181978125
2 0.1466834171875 0.078775653125 0.13880621875000002 0.0604629125 0.1328703875 0.0086449359375 0.12717477187499998 0.00270454375 0.1233966375 0.008384771874999999 0.10652611875 0.081567040625 0.11936441874999999 0.08524109375 0.1466834171875 0.078775653125
4 0.5777785796875 0.77463320625 0.5704105046875 0.7620409796875001 0.4223306578125 0.86850009375 0.21270378750000002 0.2307431421875 0.430037946875 0.208421484375 0.43182982968749994 0.184762090625 0.18420278437499998 0.198921665625 0.179229740625 0.23612328124999998 0.3647068296875 0.88936638125 0.4247763421875 0.8816241671875 0.5777785796875 0.77463320625
4 0.6191785546874999 0.845386784375 0.6029225390625 0.8176048484375 0.6185925609375 0.862207234375 0.625503121875 0.9804818765625001 0.8937855609375 0.5567421859375 0.8667196828125 0.5392769093750001 0.6191785546874999 0.845386784375