1 0.48984375 0.38515625 0.13125 0.1671875
3 0.33984375 0.246875 0.0828125 0.1078125
5 0.72109375 0.28125 0.08125 0.0984375
5 0.52421875 0.25234375 0.0578125 0.090625
6 0.5890625 0.171875 0.096875 0.1015625
5 0.509375 0.10703125 0.065625 0.078125
0 0.37265625 0.17578125 0.0609375 0.06875
6 0.45078125 0.1390625 0.0421875 0.05625
6 0.30859375 0.12109375 0.0265625 0.0484375
4 0.3794810359375 0.07913193125 0.45801175625 0.056128965625000006 0.5478113796875 0.1111927125 0.8685349421874999 0.3049167078125 0.320091428125 0.601348190625 0.3530413625 0.693738690625 0.942917990625 0.345902803125 0.9377452640625 0.29651634375 0.8454922984375 0.2340856390625 0.4495757046875 0.0247906953125 0.3750830328125 0.0500907171875 0.3794810359375 0.07913193125
0 0.3578125 0.08203125 0.046875 0.046875
0 0.4296875 0.096875 0.03125 0.04375
3 0.45390625 0.07890625 0.034375 0.034375
1 0.30390625 0.1625 0.040625 0.053125
1 0.3609375 0.12109375 0.05 0.05