1 0.54140625 0.39296875 0.1359375 0.16875
3 0.4671875 0.20234375 0.0859375 0.109375
5 0.79453125 0.4 0.084375 0.1
5 0.63046875 0.2875 0.059375 0.090625
6 0.72421875 0.24453125 0.0984375 0.103125
5 0.68046875 0.15078125 0.06875 0.078125
0 0.528125 0.15234375 0.0625 0.0703125
6 0.61328125 0.15390625 0.04375 0.0578125
6 0.49375 0.07578125 0.028125 0.0484375
4 0.576174690625 0.0688942484375 0.656841471875 0.082644921875 0.7134144796874999 0.1715014546875 0.9167558984375 0.486215384375 0.293871125 0.5122244234375 0.2829849984375 0.60970875625 0.9656438171874999 0.555660825 0.9826442015625 0.5090049953125 0.9270956046875 0.41245161093749994 0.6629969921875001 0.05078015 0.5849526203125001 0.040864221875 0.576174690625 0.0688942484375
0 0.55546875 0.06171875 0.0484375 0.0484375
0 0.61328125 0.10703125 0.0328125 0.04375
3 0.64296875 0.10078125 0.034375 0.0359375
1 0.471875 0.11015625 0.0421875 0.0546875
1 0.54140625 0.09921875 0.0515625 0.05