10 0 0.5235069609375 0.10506272812499999 0.5498519843749999 0.1362712921875 0.3010520234375 0.037745490625 0.29227322031249997 0.013391296875 0.3908884515625 0 0.5133602078124999 0 0.5235069609375
10 0.2863468671875 0.52351310625 0.320468096875 0.3361497625 0.1329731890625 0.30068451406249996 0.0965976609375 0.5521071796875 0.2188458265625 0.5780918296875 0.2863468671875 0.52351310625
10 0.6479512390625 0.66321925 0.781938975 0.687644721875 0.8495793656249999 0.4445613328125 0.8022562484375 0.42031174218749995 0.675909021875 0.3975103109375 0.6320081390625 0.583233125 0.6479512390625 0.66321925
10 0.7853588140625 0.6822898796875 0.9040655281250001 0.7034672703125 0.9720944749999999 0.4746572234375 0.851907703125 0.4389744859375 0.7853588140625 0.6822898796875
8 0.25287695 0.5543092578125 0.6395281046875 0.6262112625 0.6460084640625 0.5918525375 0.634971840625 0.5793703781249999 0.266832896875 0.5137776234375 0.2572288484375 0.5275536984375 0.25287695 0.5543092578125
4 0.369466440625 0.4351501921875 0.371453203125 0.42370938125 0.3655484453125 0.420081665625 0.330802615625 0.441167671875 0.325656309375 0.459181125 0.605654359375 0.5090797 0.6097227703125 0.494126990625 0.5894813562500001 0.4637257078125 0.582668265625 0.46227753906249996 0.5809464828124999 0.4745655453125 0.5913084468750001 0.48863115781250005 0.34655789062500003 0.44451655937499995 0.369466440625 0.4351501921875
2 0.35078125 0.3796875 0.0453125 0.075
2 0.43203125 0.3953125 0.0421875 0.06875
2 0.5234375 0.409375 0.040625 0.0703125
2 0.58984375 0.42265625 0.040625 0.06875
2 0.65390625 0.4375 0.0359375 0.0703125