10 0.12031593125 0.333510125 0.021399926562499998 0.33335181875000003 0.0057332921875 0.433714396875 0.0028520687499999997 0.566819746875 0.11091047031250001 0.584083334375 0.12031593125 0.333510125
10 0.289209184375 0.542044728125 0.30687078125 0.3524204984375 0.11699834843750001 0.3334314640625 0.1026741671875 0.5870677265625 0.226721853125 0.6022988671875 0.289209184375 0.542044728125
10 0.661613734375 0.64970335 0.7972204265625 0.662358075 0.8434173125 0.41430444531250005 0.7941607828125 0.3942716125 0.6663070703125 0.3825688328125 0.6387600531250001 0.57141113125 0.661613734375 0.64970335
10 0.800160546875 0.6567255515625 0.920261278125 0.667476384375 0.9680892453125001 0.4336079171875 0.8452498640625 0.40853592968749997 0.800160546875 0.6567255515625
8 0.258550690625 0.5756407890624999 0.6499971953125 0.6135703140625 0.653458334375 0.578777534375 0.641375815625 0.5673047796875 0.2689209671875 0.534047046875 0.26055412968749997 0.5486077468749999 0.258550690625 0.5756407890624999
4 0.3643111265625 0.4467737140625 0.365293196875 0.4352032828125 0.35909473125 0.4321040046875 0.3263188875 0.4561380703125 0.32276214062499997 0.47453150624999996 0.6060436609375001 0.499836765625 0.6087933750000001 0.48458636874999994 0.585979340625 0.456064928125 0.579065959375 0.4552160703125 0.5784216984375 0.46760738125 0.5899701312500001 0.4807163640625 0.3423060828125 0.4581010515625 0.3643111265625 0.4467737140625
2 0.340625 0.39296875 0.0390625 0.0734375
2 0.4234375 0.4015625 0.0359375 0.0671875
2 0.515625 0.4078125 0.0359375 0.06875
2 0.5828125 0.41484375 0.034375 0.0671875
2 0.64765625 0.42421875 0.0296875 0.0703125