10 0.1263576375 0.3203607640625 0.027507414062500003 0.316750434375 0.0083477203125 0.41650511718749994 0.0008229421875 0.5494288296875001 0.108213028125 0.570453084375 0.1263576375 0.3203607640625
10 0.2878702515625 0.534662621875 0.31213888125 0.3457702859375 0.1230448203125 0.3201663671875 0.0998775875 0.5731482156250001 0.22331814843750003 0.5926992796875 0.2878702515625 0.534662621875
10 0.6562907124999999 0.65525239375 0.791373153125 0.6726320140625 0.8461988437500001 0.42634173906250006 0.7976714546875 0.4046020828125 0.6703040484375 0.38844440156250004 0.6361833109374999 0.5762102859375 0.6562907124999999 0.65525239375
10 0.7945080546875001 0.66710553125 0.914160425 0.6820412703125001 0.970121146875 0.4499844390625 0.8482315968749999 0.4206406921875 0.7945080546875001 0.66710553125
8 0.25605795 0.56716825 0.6459422734375 0.61873595625 0.6506155546875 0.5840851640625 0.638940790625 0.5721977234375 0.267873509375 0.5259617640625 0.2590036078125 0.540221596875 0.25605795 0.56716825
4 0.36625135468750003 0.4420706640625 0.367636628125 0.43054155468750005 0.361550103125 0.4272278421875 0.3279554484375 0.45010340624999995 0.323758946875 0.46836150937500004 0.605984759375 0.5035377359375001 0.6092650296875 0.4883925921875 0.5874602765625 0.459092328125 0.5805807296875 0.4580027140625 0.5795044125000001 0.470363990625 0.5905883125 0.4838680234375 0.3438643984375 0.4526231375 0.36625135468750003 0.4420706640625
2 0.34453125 0.3875 0.0421875 0.0734375
2 0.4265625 0.39921875 0.0390625 0.06875
2 0.51875 0.4078125 0.0375 0.0703125
2 0.5859375 0.41796875 0.0375 0.0671875
2 0.65 0.4296875 0.0328125 0.0703125