3 0.532965059375 0.5084537453125 0.5317609203125 0.5737624859375 0.5859349796875 0.6110171359375001 0.5957112375 0.6115410406249999 0.6123143718749999 0.577912821875 0.621178915625 0.5485869796875 0.6257499734375 0.4971104765625 0.6173420625 0.4854498828125 0.59061393125 0.47619272031250004 0.5849763390625 0.4665674234375 0.5661322359375001 0.4613399453125 0.532965059375 0.5084537453125
5 0.422700471875 0.436061546875 0.413986834375 0.4292681421875 0.382503115625 0.48329805937500003 0.3866214578125 0.5401792921874999 0.39651891250000004 0.547646584375 0.44718061562500006 0.5627369375 0.471255709375 0.5095308875 0.4702618921875 0.45259511406249997 0.46265935156250004 0.4423095640625 0.45018549375 0.443916396875 0.44774514375 0.4384025921875 0.43680930937499995 0.4385934765625 0.430463303125 0.43314784531250006 0.422700471875 0.436061546875
1 0.34825454843750003 0.49084137187500004 0.36041329218749996 0.471181734375 0.356319190625 0.41568917812499995 0.348765128125 0.40818098437500006 0.331507528125 0.404314915625 0.31589429375 0.427507603125 0.3192072640625 0.4830137921875 0.32202606093749997 0.48782644062499997 0.34825454843750003 0.49084137187500004
6 0.331507528125 0.404314915625 0.349119334375 0.40609114999999996 0.345718790625 0.3679502453125 0.3221394234375 0.3600272203125 0.30711340468750004 0.3720968546875 0.3109408734375 0.41231395937500004 0.32116829375 0.41630274062500006 0.331507528125 0.404314915625
1 0.29754200000000003 0.2937797484375 0.2592665796875 0.2944478484375 0.24521560781249999 0.31761326562500003 0.2495184796875 0.3626839234375 0.293688740625 0.36399658125 0.304115546875 0.33464347031249997 0.29754200000000003 0.2937797484375
6 0.2511550109375 0.25500007343750003 0.2467254734375 0.24743733906249998 0.2105604375 0.2570977546875 0.21519327656249998 0.2986899015625 0.23162126718749998 0.2997922515625 0.2540801515625 0.2882874265625 0.2511550109375 0.25500007343750003
3 0.3209368375 0.313513346875 0.3362928234375 0.297965203125 0.3350026640625 0.2688166125 0.33140273593749997 0.264017596875 0.31497474531249997 0.2629152484375 0.2984349421875 0.2777895078125 0.297847728125 0.2889125609375 0.30334926875 0.3131257890625 0.3209368375 0.313513346875
0 0.40420821093750003 0.24955032031250002 0.3958972578125 0.2434444359375 0.367068128125 0.24811495 0.3680768 0.28351940625 0.377523090625 0.287521821875 0.404387271875 0.2821910546875 0.40420821093750003 0.24955032031250002
0 0.3881086359375 0.35679207343749997 0.40041281562500003 0.3454645 0.39822032812499997 0.3093861578125 0.393718071875 0.297657390625 0.38112301875 0.29232083750000004 0.36695084843750003 0.30854286875 0.3682410078125 0.3376914578125 0.3720348515625 0.353599890625 0.3881086359375 0.35679207343749997
5 0.44413738125 0.2988609703125 0.44345867656250004 0.25997800312499997 0.4250657390625 0.2582154015625 0.4253417578125 0.296410846875 0.44413738125 0.2988609703125
1 0.43786254218750004 0.4094039828125 0.44844417031250006 0.41130293125 0.4631402234375 0.40271180781249993 0.460705340625 0.3527466921875 0.4372135453125 0.32745838437499997 0.42166364375 0.3318971109375 0.41901452343749995 0.336805203125 0.4214736453125 0.388158996875 0.43378721093749995 0.399751415625 0.43786254218750004 0.4094039828125
3 0.513578303125 0.4497553734375 0.5249168234375 0.4502520078125 0.5387347859375 0.4361198125 0.5386917765625 0.3888911453125 0.532651496875 0.3785783265625 0.5192510734375 0.3718667296875 0.5084121968749999 0.37761232499999997 0.50197861875 0.3895319765625 0.5020701078124999 0.43953799531250004 0.513578303125 0.4497553734375
0 0.536378090625 0.34586941875 0.5363593203125 0.3000294296875 0.531172890625 0.2938690078125 0.49751153906249995 0.29028926718750003 0.4842901765625 0.3162184046875 0.485017359375 0.35787872656249997 0.5265869796875 0.366876828125 0.536378090625 0.34586941875
6 0.6059660015625 0.393273271875 0.6037383359375 0.4447088734375 0.639655509375 0.46561299375000004 0.6541427921875 0.4674437671875 0.6599406765625 0.46386981406250005 0.67008599375 0.44077256875000004 0.6761950734375 0.38788011718750004 0.671741296875 0.3789287046875 0.649015778125 0.3751580796875 0.6449889265625 0.368282865625 0.6284882171875 0.3630144859375 0.6059660015625 0.393273271875
2 0.7847644500000001 0.2512422875 0.8476185234375 0.270981671875 0.8566769828125 0.25276525156249996 0.8503067375000001 0.245930940625 0.848100946875 0.1195613015625 0.8452579109375 0.11335997499999999 0.8374223609375001 0.11210764687500001 0.8332109781250001 0.11704300781250002 0.795385171875 0.2329985953125 0.7847644500000001 0.2512422875
2 0.6028054859374999 0.1898252234375 0.6188307921875 0.19024005 0.6308777234375 0.18655701875 0.6350648671875 0.18023297968750002 0.626351228125 0.1734395734375 0.6176000484374999 0.07496619375 0.6085806828125 0.073039978125 0.587221959375 0.169955278125 0.5780180640625 0.179839634375 0.6028054859374999 0.1898252234375
2 0.46535613593749997 0.1491622953125 0.4860439890625 0.1481066375 0.495014875 0.1472555 0.49685862500000005 0.1409723640625 0.4897799671875 0.138317721875 0.477462484375 0.059354 0.4707380328125 0.054609523437499995 0.45843776875 0.13330840156249998 0.451577265625 0.1431518546875 0.46535613593749997 0.1491622953125
2 0.38590047968749996 0.0512285171875 0.38071405 0.0450680953125 0.3765996265625 0.055558164062500005 0.37146559218749997 0.11954640000000001 0.391042346875 0.12198288906250002 0.400367440625 0.11904191718749998 0.38590047968749996 0.0512285171875
2 0.33254509374999996 0.10564020625 0.33438884375 0.09935707187500001 0.32092116875 0.044028131250000005 0.31580745781249997 0.0420337421875 0.30944112968750004 0.10257073593749999 0.3114787953125 0.10739702031250001 0.32357420625 0.10649134375 0.33254509374999996 0.10564020625
2 0.21751006562500003 0.11806640312500001 0.19842903750000002 0.05450084375000001 0.19250995625 0.051131409375000006 0.187948284375 0.1255279078125 0.20047061875 0.12669843125 0.2172285765625 0.12432226875 0.21751006562500003 0.11806640312500001
2 0.07280144375 0.1539307125 0.0615747359375 0.1374574703125 0.0458606265625 0.08772414375000001 0.039136175 0.08297966875 0.03651129375 0.0892764375 0.03391456875 0.1643331890625 0.0472180359375 0.1654900765625 0.07280144375 0.1539307125
4 0.6287520546875001 0.7547465671875 0.6191166421875 0.743791590625 0.4940707953125 0.87654971875 0.1666055984375 0.29050885000000004 0.37568754375 0.22712799218750002 0.37293207968750003 0.20356138124999998 0.13255641406250002 0.26471027187499996 0.1347731421875 0.302177290625 0.4414871546875 0.908027778125 0.4989757375 0.8889660062500001 0.6287520546875001 0.7547465671875
4 0.6828918140625 0.816300715625 0.6616334234375 0.79213100625 0.6855260796875 0.832923940625 0.7148775406250001 0.9477069468750001 0.8973775296875001 0.48056184531249996 0.867476396875 0.46858186718750006 0.6828918140625 0.816300715625