1 0.51171875 0.3859375 0.1046875 0.15
3 0.39140625 0.22109375 0.0671875 0.0984375
5 0.75859375 0.32734375 0.065625 0.0875
5 0.57109375 0.2609375 0.0421875 0.084375
6 0.65 0.1953125 0.08125 0.0875
5 0.58359375 0.115625 0.0546875 0.06875
0 0.43671875 0.15703125 0.05 0.0609375
6 0.5203125 0.1359375 0.034375 0.0515625
6 0.384375 0.0921875 0.01875 0.046875
4 0.46200072187499996 0.06386835937499999 0.5434777859375 0.0562723921875 0.6211208781249999 0.1274590390625 0.8989875656249999 0.37882071875 0.304058709375 0.5651579640625 0.3187743203125 0.6621381359375 0.9641834703125 0.4332467390625 0.9685291625 0.3837806453125 0.8898834843750001 0.30489427343750003 0.5411763515625 0.02390021875 0.46322484687500004 0.0345215375 0.46200072187499996 0.06386835937499999
0 0.43984375 0.0625 0.040625 0.040625
0 0.5078125 0.09140625 0.0234375 0.040625
3 0.53515625 0.07734375 0.028125 0.0296875
1 0.371875 0.13125 0.0328125 0.0484375
1 0.4359375 0.1015625 0.0421875 0.0421875