3 0.5331075765625 0.5078771390625 0.533043415625 0.573196946875 0.5878594078125 0.6095004562499999 0.59764331875 0.6098536609375 0.6136570328125 0.5759407984375 0.62200841875 0.546464715625 0.6256803921875 0.49491627656250003 0.61707025625 0.483404196875 0.5901846359375 0.47461491562499997 0.5843799171875 0.4650894734375 0.565447453125 0.46019166718750004 0.5331075765625 0.5078771390625
5 0.42159636562499997 0.43742034687500003 0.4127654921875 0.4307800515625 0.382229521875 0.48535120625 0.38733995 0.5421519 0.3973662203125 0.5494453203125 0.4482835703125 0.56364920625 0.4714264234375 0.5100310921875 0.469439090625 0.45312133593750004 0.46165820156250004 0.44297003593750006 0.4492142875 0.444794321875 0.44667807968749995 0.4393239453125 0.43574724218750005 0.43970565937500006 0.42930716249999995 0.434371609375 0.42159636562499997 0.43742034687500003
1 0.3481178203125 0.49349109062499996 0.359931603125 0.4736222484375 0.354869646875 0.41820959531249996 0.3471857 0.41083438125000005 0.3298632546875 0.4072700875 0.3146571671875 0.43073173125 0.31893835 0.48617164687500003 0.321840709375 0.49093436874999996 0.3481178203125 0.49349109062499996
6 0.3298632546875 0.4072700875 0.3475033796875 0.40873868281250003 0.343437703125 0.370662934375 0.31972365156250004 0.363152634375 0.3049105640625 0.3754826703125 0.3094393359375 0.4156268515625 0.3197348125 0.41943653125 0.3298632546875 0.4072700875
1 0.2939737953125 0.2973445375 0.255715865625 0.2986805328125 0.242071325 0.3220876453125 0.24716013281250002 0.36707634375 0.29134657656249996 0.3676179234375 0.3012595109375 0.3380873109375 0.2939737953125 0.2973445375
6 0.2469170734375 0.25938033125 0.242356221875 0.25189605625 0.20636529218750002 0.2621861671875 0.211723309375 0.303691125 0.2281680359375 0.3045065984375 0.2504227125 0.2926115640625 0.2469170734375 0.25938033125
3 0.31770946875 0.3166668328125 0.3327917625 0.3008530578125 0.3309930875 0.2717314234375 0.327309953125 0.2669959671875 0.3108652265625 0.26618049374999997 0.294587534375 0.281341146875 0.2941945328125 0.2924727546875 0.300117815625 0.316586278125 0.31770946875 0.3166668328125
0 0.39985185 0.2512602609375 0.3914356015625 0.24530035468750003 0.362692375 0.2504732953125 0.3643187859375 0.2858547546875 0.3738334890625 0.2896917015625 0.4006005453125 0.2838929 0.39985185 0.2512602609375
0 0.3856263546875 0.3587666578125 0.3977309671875 0.347226071875 0.394909159375 0.3111914890625 0.39020289375 0.299543084375 0.3775166234375 0.29442715625 0.363629725 0.31089405625 0.3654284 0.340015690625 0.36949930625 0.3558554890625 0.3856263546875 0.3587666578125
5 0.44063552968749997 0.29986654218750003 0.4392783265625 0.26100134218750004 0.420857428125 0.259560009375 0.42180000937499995 0.2977448203125 0.44063552968749997 0.29986654218750003
1 0.43629088749999995 0.4105022296875 0.44690404531250005 0.4122162140625 0.46144792343749996 0.4033699171875 0.45814140156249994 0.35345490625 0.4342118421875 0.3285804390625 0.418741775 0.33328987187500003 0.416178715625 0.33824345 0.4195337109375 0.3895465046875 0.4320477171875 0.40092225625 0.43629088749999995 0.4105022296875
3 0.5126993453125 0.4495260515625 0.5240448062499999 0.44982472656250005 0.5376140234375 0.43545352499999995 0.536746765625 0.388232803125 0.530527425 0.3780269734375 0.5170119078125001 0.3715502671875 0.50627495625 0.3774841515625 0.5000503843749999 0.38951426875 0.501014584375 0.4395110765625 0.5126993453125 0.4495260515625
0 0.5336826015625 0.3452580078125 0.5328638140625 0.299425328125 0.5275706609374999 0.29335635937500004 0.49385196093749995 0.2903646375 0.48108513750000004 0.31652057031249997 0.48253928281249997 0.3581618546875 0.5242596109375001 0.366433096875 0.5336826015625 0.3452580078125
6 0.6040872234375 0.391440165625 0.6027575734374999 0.44290681093749995 0.639034103125 0.46318090625 0.65355113125 0.46475856406249993 0.6592857578125 0.46108396718750005 0.669026428125 0.43781317968750005 0.6742114765625 0.384822165625 0.6696021546875001 0.3759498453125 0.646814290625 0.3725764109375 0.6426680625000001 0.365772521875 0.626077921875 0.3607929203125 0.6040872234375 0.391440165625
2 0.780379659375 0.24631034999999998 0.8435686578125001 0.26494977343750004 0.8523078171874999 0.246578034375 0.8458192671875 0.2398559421875 0.8414083578125 0.1135440453125 0.8384575265624999 0.10739328125 0.830601315625 0.10627789218749999 0.8264767078125 0.111286 0.790680365625 0.2278840796875 0.780379659375 0.24631034999999998
2 0.5973765328125 0.1880782609375 0.6134066375 0.18821334375 0.62538745625 0.18432062656249998 0.6294635921875 0.177924475 0.62063271875 0.17128417812500002 0.610164275 0.072978525 0.601112665625 0.0712100109375 0.5814486 0.16848331249999998 0.5724186125 0.17852679375 0.5973765328125 0.1880782609375
2 0.45923844999999996 0.1498203484375 0.479904728125 0.1484037984375 0.48885939375 0.1473962265625 0.4905932078125 0.1410818703125 0.4834692984375 0.138551171875 0.46977558437500005 0.0598144453125 0.462969353125 0.05518805 0.4520444484375 0.1340896109375 0.4453567828125 0.144051296875 0.45923844999999996 0.1498203484375
2 0.37808571562500004 0.053288178124999995 0.37279256250000004 0.047219209375 0.368861840625 0.0577794890625 0.3648453390625 0.1218475796875 0.3844616328125 0.1239420359375 0.3937339796875 0.1208387671875 0.37808571562500004 0.053288178124999995
2 0.3256880703125 0.10862276093750001 0.3274218828125 0.10230840468749999 0.3129906375 0.047222934375 0.3078428984375 0.0453180953125 0.30253405624999996 0.105956978125 0.3046556421875 0.1107469640625 0.3167334046875 0.10963033124999999 0.3256880703125 0.10862276093750001
2 0.2108874296875 0.12305470156250001 0.1906999359375 0.059831834375000004 0.18472295156250002 0.056566215625000006 0.181460371875 0.1310309953125 0.194001228125 0.13198279531249998 0.21071516406250002 0.129314528125 0.2108874296875 0.12305470156250001
2 0.06682676562499999 0.1614390640625 0.055314270312500004 0.1451642625 0.038734589062500005 0.0957127609375 0.0319283578125 0.091086365625 0.029413770312499997 0.09742798593749999 0.028127362500000003 0.17251862499999998 0.04144899375 0.173443159375 0.06682676562499999 0.1614390640625
4 0.6331783859375 0.7524607359375 0.62335325 0.7416755890625 0.5006433968749999 0.876595846875 0.16300025 0.296359290625 0.370944203125 0.229339103125 0.36777786562500003 0.20582417031250003 0.12850600625 0.2711588828125 0.1313762859375 0.3085815078125 0.4486171328125 0.9089868234375 0.5057642859375 0.8889246406250001 0.6331783859375 0.7524607359375
4 0.6883841671875001 0.8130606390624999 0.6667071953125 0.789265621875 0.6913081484375 0.8296353578125 0.7226583765625 0.943888628125 0.8969777656250001 0.4736296109375 0.86687210625 0.46217330468749995 0.6883841671875001 0.8130606390624999