11 0.3765625 0.365625 0.071875 0.0421875
8 0.47890625 0.40546875 0.2890625 0.0890625
2 0.065625 0.4765625 0.1 0.1484375
2 0.92890625 0.3109375 0.1046875 0.16875
10 0.17578125 0.4 0.134375 0.1984375
10 0.28125 0.378125 0.1578125 0.2015625
10 0.6578125 0.29921875 0.15 0.20625
10 0.76796875 0.27890625 0.14375 0.20625
4 0.50390625 0.60390625 0.9921875 0.4046875
3 0.15859375 0.75546875 0.1109375 0.1390625
6 0.21953125 0.63359375 0.0875 0.10625
0 0.31796875 0.60625 0.0671875 0.0984375
0 0.28046875 0.6921875 0.0703125 0.1109375
0 0.36796875 0.72890625 0.134375 0.178125
3 0.4140625 0.628125 0.0484375 0.0953125
1 0.51640625 0.6375 0.0546875 0.0984375
5 0.634375 0.6828125 0.128125 0.1734375
5 0.628125 0.5421875 0.0734375 0.1
6 0.71328125 0.59765625 0.065625 0.10625
7 0.5859375 0.32421875 0.0421875 0.0375
1 0.9375 0.70625 0.125 0.215625
6 0.82734375 0.58984375 0.1078125 0.140625
1 0.78984375 0.5078125 0.078125 0.0859375
3 0.50390625 0.5625 0.0890625 0.1046875
5 0.48515625 0.7578125 0.0703125 0.1296875