5 0.78046875 0.55859375 0.1453125 0.215625
5 0.13125 0.5015625 0.1921875 0.25
0 0.6328125 0.35703125 0.121875 0.159375
0 0.8203125 0.33359375 0.059375 0.0890625
0 0.85078125 0.4203125 0.1015625 0.1140625
3 0.34140625 0.3625 0.1390625 0.1875
3 0.50078125 0.31484375 0.0640625 0.1109375
6 0.459375 0.23203125 0.053125 0.0828125
1 0.6109375 0.2578125 0.0609375 0.0734375
6 0.1640625 0.30625 0.115625 0.134375
5 0.20234375 0.1984375 0.059375 0.084375
1 0.10546875 0.22265625 0.0890625 0.0890625
1 0.32734375 0.2328125 0.10625 0.1140625
1 1 0.42364207499999995 0.8722522140625 0.23188664218750002 0.0920208671875 0.128932934375 0.030322953125000003 0.185292490625 0.022773675 0.257119071875 0.102675284375 0.1845177921875 0.1809530203125 0.1871589546875 0.1835151546875 0.15530784375 0.212647509375 0.1471974640625 0.2216969078125 0.195630928125 0.28336791250000004 0.199319734375 0.3428451296875 0.1790367953125 0.3676221328125 0.212364828125 0.43216174062499996 0.226130909375 0.43773765468750003 0.20297579375 0.4659478609375 0.19616503125 0.47984728125 0.22834978281249999 0.588580090625 0.25513999374999996 0.5919191953125 0.22337054531249997 0.6319802125 0.223391509375 0.632329703125 0.2499624890625 0.859016809375 0.29054673593749997 0.9994386234375 0.5315450265624999 1 0.5262038859375 1 0.42364207499999995
8 0.521875 0.021875 0.290625 0.04375