5 0.78359375 0.54375 0.1359375 0.209375
5 0.13203125 0.5203125 0.18125 0.2421875
0 0.625 0.35 0.1140625 0.153125
0 0.8109375 0.31640625 0.05625 0.0875
0 0.84609375 0.40234375 0.096875 0.109375
3 0.334375 0.37109375 0.1296875 0.1828125
3 0.490625 0.31484375 0.0578125 0.1078125
6 0.4453125 0.234375 0.05 0.0796875
1 0.5984375 0.25234375 0.0578125 0.0703125
6 0.15390625 0.32421875 0.1109375 0.128125
5 0.1875 0.21484375 0.05625 0.08125
1 0.09140625 0.24375 0.0859375 0.084375
1 0.31328125 0.2421875 0.1015625 0.109375
1 1 0.40386595 0.8577100859375 0.21277190781250002 0.0731598390625 0.15079344687500001 0.014496109375 0.21030478281249998 0.010716290625 0.2824280265625 0.086708740625 0.2057445171875 0.165017428125 0.20428532187499998 0.1659090921875 0.17234376875 0.1945770578125 0.16271983437499998 0.20614886562499998 0.2106133140625 0.26792841093750003 0.211069453125 0.3262625890625 0.1877015140625 0.352749890625 0.21968714375 0.417921509375 0.23005661718749998 0.4222779359375 0.2066414140625 0.45009303437500003 0.198363578125 0.46565782499999997 0.22977678125 0.5756437125 0.2508396421875 0.5773155562500001 0.2189389765625 0.6173227671875 0.21686328124999998 0.619062396875 0.2433795546875 0.8475628531250001 0.2720442953125 1 0.5047447984375 1 0.40386595
8 0.496875 0.01796875 0.290625 0.0359375