11 0.39921875 0.34765625 0.06875 0.0328125
8 0.49453125 0.403125 0.2890625 0.0453125
2 0.075 0.40859375 0.0796875 0.1390625
2 0.953125 0.38046875 0.08125 0.159375
10 0.1953125 0.35 0.1078125 0.1859375
10 0.303125 0.3453125 0.13125 0.184375
10 0.68671875 0.3265625 0.121875 0.1921875
10 0.79921875 0.3234375 0.1171875 0.1921875
4 0.5 0.60625 1 0.253125
3 0.1234375 0.69921875 0.09375 0.1265625
6 0.20234375 0.5875 0.0734375 0.096875
0 0.303125 0.5765625 0.0546875 0.0921875
0 0.253125 0.65546875 0.0546875 0.1046875
0 0.33359375 0.70546875 0.1125 0.1640625
3 0.3953125 0.61328125 0.0359375 0.0921875
1 0.49453125 0.63828125 0.040625 0.09375
5 0.60390625 0.7015625 0.1046875 0.1609375
5 0.6203125 0.56171875 0.0609375 0.0921875
6 0.6953125 0.6296875 0.0515625 0.1
7 0.6125 0.33984375 0.0375 0.0328125
1 0.9140625 0.775 0.125 0.2
6 0.80859375 0.63984375 0.090625 0.1296875
1 0.78515625 0.553125 0.0671875 0.0765625
3 0.49453125 0.5625 0.0765625 0.0953125
5 0.44453125 0.75234375 0.0515625 0.125