5 0.7796875 0.56328125 0.1484375 0.2171875
5 0.13125 0.49453125 0.1953125 0.253125
0 0.63515625 0.359375 0.125 0.1609375
0 0.82265625 0.3390625 0.0609375 0.090625
0 0.85234375 0.4265625 0.103125 0.115625
3 0.34375 0.359375 0.1421875 0.190625
3 0.50390625 0.31484375 0.065625 0.1109375
6 0.4640625 0.23125 0.0546875 0.0828125
1 0.615625 0.26015625 0.0625 0.0734375
6 0.1671875 0.3 0.11875 0.1359375
5 0.2078125 0.19375 0.0609375 0.084375
1 0.1109375 0.21640625 0.090625 0.0890625
1 0.33203125 0.2296875 0.1078125 0.1140625
1 1 0.43042060781249997 0.876874740625 0.23842417500000002 0.09855901875 0.12186923281249999 0.035886889062499996 0.17714342656249998 0.027085215625 0.248827315625 0.108241721875 0.17763156875 0.1864614421875 0.181638465625 0.1895790640625 0.1498369203125 0.21884852812500002 0.1422362046875 0.22705126718750002 0.1908202265625 0.2886485015625 0.195584778125 0.3484706453125 0.1763429484375 0.37266222031249996 0.2100983234375 0.436951746875 0.22498867968749997 0.4429309234375 0.2019344046875 0.47125569843750004 0.195617015625 0.48459130000000006 0.2280394421875 0.592839996875 0.2567232234375 0.5967330453125 0.2250168890625 0.63678759375 0.2257370109375 0.6366733046874999 0.2523100421875 0.8626175937499999 0.29684434375 0.9988120203124999 0.5402566281250001 1 0.530581309375 1 0.43042060781249997
8 0.5296875 0.0234375 0.290625 0.046875