11 0.36796875 0.37421875 0.0734375 0.046875
8 0.47265625 0.40703125 0.2875 0.1078125
2 0.06484375 0.50625 0.1078125 0.1515625
2 0.91484375 0.28125 0.1140625 0.1703125
10 0.16953125 0.42265625 0.1453125 0.2015625
10 0.2734375 0.39296875 0.1671875 0.20625
10 0.64296875 0.28828125 0.1609375 0.2125
10 0.75234375 0.2609375 0.1546875 0.2109375
4 0.5078125 0.603125 0.984375 0.46875
3 0.17734375 0.77890625 0.11875 0.14375
6 0.2296875 0.65234375 0.0921875 0.109375
0 0.32578125 0.61875 0.0734375 0.1015625
0 0.29453125 0.70703125 0.0765625 0.1125
0 0.384375 0.7375 0.14375 0.1828125
3 0.4234375 0.63359375 0.0546875 0.0953125
1 0.52578125 0.6359375 0.0609375 0.1
5 0.646875 0.67265625 0.1359375 0.178125
5 0.63125 0.5328125 0.078125 0.1015625
6 0.71953125 0.5828125 0.071875 0.1078125
7 0.5734375 0.31875 0.04375 0.0390625
1 0.94140625 0.67421875 0.1171875 0.2203125
6 0.8328125 0.5671875 0.115625 0.14375
1 0.78984375 0.48828125 0.0828125 0.0890625
3 0.50859375 0.5625 0.09375 0.109375
5 0.503125 0.7578125 0.078125 0.13125