1 0.59921875 0.353125 0.1328125 0.165625
3 0.3546875 0.2546875 0.125 0.1359375
5 0.540625 0.23046875 0.0828125 0.090625
5 0.69375 0.24765625 0.053125 0.0625
6 0.3953125 0.1203125 0.05625 0.0578125
0 0.33671875 0.159375 0.0546875 0.0921875
1 0.20546875 0.14609375 0.05 0.0609375
1 0.27578125 0.11484375 0.0765625 0.059375
6 0.18984375 0.10390625 0.046875 0.053125
3 0.15546875 0.07734375 0.0359375 0.0421875
0 0.22890625 0.04921875 0.065625 0.0671875
0 0.3515625 0.08203125 0.0375 0.0546875
5 0.43828125 0.0859375 0.0578125 0.0796875
6 0.55078125 0.15 0.0609375 0.0765625
3 0.35078125 0.053125 0.053125 0.04375
4 0.3223771421875 0 0.0681318078125 0.0698609859375 0.0607011359375 0.116501459375 0.13790430625 0.083574075 0.14624189999999998 0.04978635 0.1996162171875 0.0620183109375 0.32379747812500004 0.041605376562500004 0.37861886562499997 0.04563060625 0.4127008671875 0.072794903125 0.5262583515625 0.13512759375 0.765729265625 0.26620260625 0.575431321875 0.63458764375 0.6265314 0.6732145765625 0.81176653125 0.23906234999999998 0.3353286109375 0 0.3223771421875 0
8 0.725 0.0625 0.2234375 0.096875
10 0.8859375 0.10390625 0.1203125 0.103125
10 0.96640625 0.15234375 0.0671875 0.1609375