1 0.53671875 0.3265625 0.1375 0.1671875
3 0.2734375 0.32734375 0.128125 0.1390625
5 0.43671875 0.234375 0.0859375 0.0921875
5 0.58515625 0.19375 0.0546875 0.0640625
6 0.2609375 0.1875 0.05625 0.059375
0 0.2203125 0.2453125 0.0578125 0.0921875
1 0.09453125 0.28203125 0.0515625 0.0609375
1 0.14765625 0.2265625 0.0765625 0.0609375
6 0.0640625 0.24921875 0.0484375 0.0546875
3 0.02265625 0.2375 0.0375 0.04375
0 0.0796875 0.18359375 0.0671875 0.06875
0 0.20546875 0.16796875 0.0390625 0.0546875
5 0.2875 0.1390625 0.0609375 0.08125
6 0.415625 0.15703125 0.0625 0.078125
3 0.19453125 0.14140625 0.053125 0.0453125
4 0 0.25784333125000003 0.008274821875000001 0.249540040625 0.0033481984375000003 0.21508928906250002 0.057418178125 0.20643619375000002 0.16491021875 0.14099053125 0.2172476 0.1241862078125 0.25902380625 0.13660516250000002 0.38766271093750004 0.1518596453125 0.658797840625 0.18368289531249998 0.6203561234375 0.5965304203125 0.68220519375 0.6132022625 0.6913159296875 0.141273025 0.154905521875 0.0976797359375 0 0.21596158437500002 0 0.25784333125000003
2 0.046875 0.09921875 0.0484375 0.0359375
8 0.54375 0.03125 0.225 0.0625
10 0.709375 0.0203125 0.121875 0.040625
10 0.828125 0.03671875 0.128125 0.0734375