1 0.6015625 0.3546875 0.134375 0.1671875
3 0.35859375 0.25234375 0.1265625 0.1375
5 0.5453125 0.23125 0.084375 0.090625
5 0.69765625 0.2515625 0.0546875 0.0625
6 0.40234375 0.11875 0.05625 0.0578125
0 0.3421875 0.15625 0.05625 0.0921875
1 0.21171875 0.140625 0.0515625 0.0609375
1 0.2828125 0.1109375 0.0765625 0.0609375
6 0.196875 0.09921875 0.046875 0.053125
3 0.16328125 0.071875 0.0375 0.0421875
0 0.23671875 0.04453125 0.0671875 0.06875
0 0.35859375 0.0796875 0.0375 0.0546875
5 0.4453125 0.08515625 0.059375 0.08125
6 0.55703125 0.1515625 0.0609375 0.078125
3 0.35859375 0.05078125 0.053125 0.04375
4 0.3193230609375 0 0.07570454374999999 0.062389359374999995 0.067461015625 0.10889304531249999 0.14522708906249998 0.0773180578125 0.154153090625 0.043680989062499995 0.2073058015625 0.056842596875 0.33182440468749996 0.038600034374999995 0.386567190625 0.043581415624999995 0.4201699203125 0.0713363890625 0.5326222546875 0.1356414375 0.769769121875 0.2708758296875 0.5730709546874999 0.635883603125 0.62348911875 0.6753964734375 0.8162730375 0.24454316875 0.349421034375 0 0.3193230609375 0
8 0.73203125 0.0671875 0.2234375 0.1015625
10 0.8921875 0.1109375 0.1203125 0.1046875
10 0.96796875 0.1609375 0.0640625 0.1625