1 0.92265625 0.609375 0.1546875 0.321875
3 0.4859375 0.57734375 0.203125 0.278125
5 0.671875 0.3796875 0.1265625 0.1671875
5 0.83671875 0.30234375 0.0875 0.1171875
6 0.58046875 0.2375 0.0984375 0.1328125
5 0.37578125 0.203125 0.0734375 0.1015625
6 0.359375 0.2734375 0.0859375 0.10625
0 0.34296875 0.4046875 0.0875 0.1609375
0 0.27421875 0.23984375 0.05625 0.084375
0 0.096875 0.2609375 0.090625 0.103125
3 0.2453125 0.19921875 0.0609375 0.0640625
1 0.20859375 0.3359375 0.1015625 0.1015625
1 0.14453125 0.43984375 0.0828125 0.121875
6 0.08828125 0.371875 0.071875 0.10625
3 0.02734375 0.33671875 0.0546875 0.0859375
4 1 0.447447884375 0.9658418609374999 0.286746471875 0.9322406234375 0.2208424671875 0.1744397359375 0.13356106406249998 0 0.289577328125 0 0.3424411515625 0.17060639375 0.19281286875 0.22823765156250003 0.18056296562500002 0.8877713765624999 0.269252678125 0.9345623312500001 0.304757890625 1 0.4587260984375 1 0.447447884375
2 0.0375 0.1171875 0.075 0.071875
2 0.16171875 0.06875 0.05625 0.0265625
8 0.5828125 0.03671875 0.303125 0.0734375
10 0.81796875 0.05390625 0.2046875 0.1078125