1 0.92265625 0.671875 0.1546875 0.30625
3 0.47578125 0.57421875 0.171875 0.2609375
5 0.68671875 0.4046875 0.109375 0.15625
5 0.8609375 0.35078125 0.0734375 0.109375
6 0.61640625 0.2515625 0.0828125 0.125
5 0.41875 0.18828125 0.0625 0.0953125
6 0.3921875 0.25625 0.075 0.0984375
0 0.3578125 0.38359375 0.06875 0.15625
0 0.31328125 0.2109375 0.046875 0.08125
0 0.134375 0.20703125 0.0796875 0.09375
3 0.28984375 0.1671875 0.0546875 0.0578125
1 0.234375 0.296875 0.090625 0.090625
1 0.15625 0.390625 0.06875 0.115625
6 0.11015625 0.315625 0.059375 0.1
3 0.053125 0.27265625 0.046875 0.08125
4 1 0.48253960625000003 0.9909874750000001 0.353654496875 0.9668853078125 0.28371547656249996 0.228606509375 0.091817990625 0 0.2449085359375 0 0.2919561453125 0.2165642140625 0.14995966249999998 0.2753394671875 0.145849696875 0.9161114328125001 0.325465640625 0.9575056500000001 0.36713735937499997 1 0.5254425484375 1 0.48253960625000003
2 0.09375 0.05703125 0.071875 0.0640625
2 0.225 0.02578125 0.05625 0.01875
8 0.65078125 0.03515625 0.2984375 0.0703125
10 0.8828125 0.07265625 0.184375 0.1453125