1 0.859375 0.7984375 0.2234375 0.325
3 0.45390625 0.56328125 0.2109375 0.28125
5 0.70703125 0.4671875 0.13125 0.16875
5 0.8890625 0.46953125 0.090625 0.11875
6 0.6875 0.29921875 0.1015625 0.134375
5 0.51875 0.17890625 0.0765625 0.103125
6 0.47265625 0.234375 0.0890625 0.1078125
0 0.40078125 0.3453125 0.0921875 0.1625
0 0.41171875 0.1671875 0.059375 0.0859375
0 0.24296875 0.1078125 0.0921875 0.1046875
3 0.403125 0.11796875 0.0625 0.065625
1 0.31015625 0.225 0.103125 0.103125
1 0.20703125 0.28984375 0.0875 0.121875
6 0.18671875 0.2046875 0.075 0.10625
3 0.1453125 0.14609375 0.059375 0.0875
4 1 0.43163305156250004 0.36802463125 0.027930639062500002 0.082216725 0.10885444531249999 0.07161314375 0.1523056765625 0.3386049625 0.07950538124999999 0.39577359843750004 0.09375912343750001 0.9496795734375001 0.4625934640625 0.97617054375 0.515017140625 0.9668541656249999 0.6943329578124999 1 0.5613922796875 1 0.43163305156250004
2 0.12421875 0.0078125 0.0359375 0.015625
8 0.79140625 0.09453125 0.303125 0.140625
10 0.9484375 0.196875 0.103125 0.20625