3 0.24921875 0.37578125 0.103125 0.121875
1 0.446875 0.31640625 0.059375 0.078125
6 0.36328125 0.43828125 0.1078125 0.134375
10 0.35625 0.06640625 0.13125 0.1328125
2 0.87265625 0.17265625 0.0640625 0.1015625
0 0.61796875 0.290625 0.05 0.053125
1 0.50078125 0.2484375 0.0453125 0.0640625
5 0.3140625 0.31484375 0.0828125 0.0953125
6 0.56953125 0.2265625 0.0375 0.0484375
8 0.1921875 0.12421875 0.2703125 0.1515625
3 0.384375 0.3546875 0.05 0.078125
6 0.42734375 0.2765625 0.034375 0.0515625
2 0.7453125 0.1296875 0.0484375 0.0859375
2 0.1359375 0.028125 0.0375 0.05625
5 0.63359375 0.26640625 0.0375 0.0421875
2 0.6484375 0.10078125 0.046875 0.078125
0 0.51328125 0.36171875 0.06875 0.0984375
3 0.565625 0.2671875 0.0421875 0.0484375
2 0.21953125 0.0234375 0.0359375 0.046875
2 0.99375 0.23828125 0.0125 0.0984375
5 0.60546875 0.32265625 0.0421875 0.053125
2 0.56328125 0.08046875 0.0390625 0.0765625
1 0.3671875 0.2765625 0.0375 0.059375
0 0.50703125 0.2921875 0.0390625 0.065625
10 0.425 0.0640625 0.08125 0.128125
10 0.49296875 0.06796875 0.1296875 0.1359375
2 0.29375 0.0234375 0.03125 0.046875
4 0.0342569171875 0.3289424015625 0.0308373265625 0.37716375156250004 0.12987652031250002 0.790456 0.1850861203125 0.7669866296875 0.0755193109375 0.387991696875 0.1055538796875 0.35148770156250003 0.5653570390625 0.21800842031249998 0.7372895703125 0.310882340625 0.74250561875 0.2779495046875 0.55514301875 0.1826317 0.0342569171875 0.3289424015625