2 0.01875 0.15390625 0.0375 0.1390625
2 0.1171875 0.08984375 0.075 0.059375
10 0.29453125 0.0375 0.0828125 0.0296875
10 0.38125 0.03203125 0.096875 0.053125
10 0.78125 0.02890625 0.159375 0.0578125
10 0.87265625 0.03359375 0.0984375 0.0671875
8 0.57734375 0.03671875 0.3046875 0.0734375
3 0.1859375 0.45859375 0.084375 0.128125
0 0.246875 0.34375 0.1296875 0.153125
6 0.38984375 0.50390625 0.096875 0.159375
1 0.5625 0.58046875 0.1203125 0.178125
1 0.5171875 0.40703125 0.1140625 0.1328125
3 0.4 0.2359375 0.0765625 0.0859375
0 0.5 0.275 0.059375 0.1015625
5 0.59375 0.21953125 0.1 0.1203125
6 0.65 0.30859375 0.0984375 0.121875
0 0.803125 0.46796875 0.159375 0.228125
6 0.84765625 0.2359375 0.121875 0.140625
4 0.496875 0.32734375 0.99375 0.5765625