3 0.25625 0.3625 0.1078125 0.125
1 0.45625 0.3140625 0.0625 0.0796875
6 0.3671875 0.43125 0.1125 0.1375
10 0.3796875 0.0640625 0.1375 0.128125
2 0.88984375 0.1921875 0.0671875 0.103125
0 0.62890625 0.29765625 0.0515625 0.05625
1 0.5140625 0.24921875 0.0484375 0.065625
5 0.32421875 0.30546875 0.0875 0.0984375
6 0.58359375 0.23046875 0.0390625 0.05
8 0.2125 0.109375 0.2734375 0.1640625
3 0.3921875 0.3484375 0.053125 0.0796875
6 0.4390625 0.27265625 0.0359375 0.053125
2 0.7640625 0.14296875 0.0515625 0.0875
2 0.1609375 0.01953125 0.040625 0.0390625
5 0.6453125 0.2734375 0.040625 0.04375
2 0.66953125 0.109375 0.05 0.078125
0 0.5203125 0.36328125 0.0734375 0.1015625
3 0.57734375 0.27109375 0.04375 0.05
2 0.2453125 0.0171875 0.0375 0.034375
5 0.61484375 0.32890625 0.04375 0.053125
2 0.58515625 0.084375 0.0421875 0.078125
1 0.37890625 0.26953125 0.040625 0.0609375
0 0.51796875 0.29296875 0.0421875 0.0671875
10 0.4484375 0.06328125 0.0875 0.1265625
10 0.515625 0.06953125 0.134375 0.1390625
2 0.3203125 0.01875 0.034375 0.0375
4 0.0438476640625 0.3048017203125 0.03790905 0.3527780171875 0.11518246875 0.7706871734375 0.1715446984375 0.750139415625 0.081963109375 0.365929596875 0.11386698749999999 0.3310475171875 0.5800257671875 0.221815403125 0.7468620265625 0.323560296875 0.7537944984375 0.29094558125000003 0.5716772203125 0.18595260625 0.0438476640625 0.3048017203125