3 0.2203125 0.48359375 0.1109375 0.1265625
1 0.3796875 0.35234375 0.0640625 0.08125
6 0.35 0.49609375 0.115625 0.1390625
10 0.19140625 0.14140625 0.1421875 0.175
2 0.715625 0.05234375 0.0703125 0.103125
0 0.5265625 0.26171875 0.053125 0.05625
1 0.403125 0.26796875 0.05 0.065625
5 0.25625 0.40234375 0.0890625 0.1
6 0.45703125 0.22109375 0.040625 0.05
8 0.10390625 0.275 0.2078125 0.171875
3 0.33671875 0.4109375 0.0546875 0.08125
6 0.3453125 0.32265625 0.0375 0.053125
2 0.58125 0.06328125 0.0546875 0.0875
5 0.53125 0.2328125 0.040625 0.04375
2 0.48125 0.075 0.053125 0.0796875
0 0.45859375 0.36796875 0.0765625 0.1015625
3 0.46953125 0.26015625 0.0453125 0.0515625
2 0.0546875 0.16640625 0.0390625 0.059375
2 0.87265625 0.05859375 0.0625 0.1015625
5 0.528125 0.29609375 0.0453125 0.0546875
2 0.39453125 0.0890625 0.0453125 0.078125
1 0.28984375 0.34609375 0.0421875 0.0609375
0 0.425 0.30625 0.04375 0.0671875
10 0.25703125 0.1203125 0.0921875 0.15
10 0.32265625 0.09921875 0.1390625 0.1578125
2 0.12109375 0.134375 0.0359375 0.065625
2 0.9 0.0890625 0.0546875 0.128125
4 0.004443703125 0.524520971875 0.0201375359375 0.5702450984375 0.272789740625 0.9119849234374999 0.3144402328125 0.8688091437500001 0.0654983359375 0.56275363125 0.07888205312499999 0.5174160859375 0.44997858281249997 0.21488835312500001 0.6445320453125001 0.23319985625 0.636465559375 0.200846946875 0.42675374218749995 0.186314846875 0.004443703125 0.524520971875