2 0.015625 0.1640625 0.03125 0.140625
2 0.11015625 0.096875 0.075 0.0609375
10 0.28671875 0.04140625 0.0828125 0.03125
10 0.37265625 0.034375 0.096875 0.0546875
10 0.77265625 0.02734375 0.1609375 0.0546875
10 0.8640625 0.03046875 0.1 0.0609375
8 0.56953125 0.0375 0.3046875 0.075
3 0.1859375 0.4640625 0.0859375 0.1296875
0 0.24375 0.3484375 0.13125 0.1546875
6 0.38984375 0.50546875 0.0984375 0.159375
1 0.5640625 0.57890625 0.1234375 0.1796875
1 0.515625 0.40625 0.115625 0.134375
3 0.3953125 0.2375 0.078125 0.0875
0 0.49609375 0.275 0.0609375 0.1015625
5 0.58828125 0.21796875 0.1015625 0.1203125
6 0.64609375 0.30625 0.1 0.121875
0 0.803125 0.4625 0.1625 0.228125
6 0.84296875 0.2296875 0.1234375 0.1421875
4 0.49609375 0.328125 0.9921875 0.59375