2 0.1671875 0.021875 0.1125 0.04375
10 0.50078125 0.00546875 0.0828125 0.0109375
10 0.58203125 0.02578125 0.0984375 0.0515625
10 0.94140625 0.15 0.1171875 0.1375
8 0.76953125 0.08515625 0.3046875 0.134375
3 0.23046875 0.334375 0.0875 0.1296875
0 0.33203125 0.2546875 0.1328125 0.1546875
6 0.3984375 0.45859375 0.1015625 0.1609375
1 0.52421875 0.5984375 0.1265625 0.1796875
1 0.553125 0.421875 0.1171875 0.1359375
3 0.51640625 0.21796875 0.078125 0.0875
0 0.59140625 0.29453125 0.0625 0.1015625
5 0.69921875 0.28125 0.1015625 0.121875
6 0.71484375 0.3859375 0.1015625 0.1234375
0 0.78984375 0.59453125 0.165625 0.2296875
6 0.925 0.4 0.125 0.1421875
4 0.50390625 0.3296875 0.9921875 0.609375