10 0.2046875 0.07578125 0.146875 0.1515625
3 0.19609375 0.421875 0.0953125 0.1328125
10 0.30859375 0.07890625 0.1453125 0.1578125
0 0.4625 0.596875 0.1390625 0.190625
3 0.71640625 0.446875 0.071875 0.090625
1 0.63046875 0.38359375 0.075 0.1
10 0.6421875 0.10078125 0.115625 0.175
5 0.33671875 0.375 0.0859375 0.10625
10 0.72265625 0.1171875 0.0984375 0.1703125
6 0.5046875 0.38203125 0.0484375 0.06875
6 0.1640625 0.5984375 0.1484375 0.2046875
3 0.3265625 0.47578125 0.059375 0.1109375
5 0.84609375 0.50625 0.08125 0.1
0 0.76875 0.55546875 0.090625 0.1234375
2 0.509375 0.05078125 0.03125 0.0609375
1 0.4296875 0.35703125 0.0453125 0.075
5 0.696875 0.596875 0.0765625 0.1140625
1 0.453125 0.4546875 0.0796875 0.1015625
2 0.43203125 0.03984375 0.0328125 0.0546875
0 0.578125 0.45234375 0.053125 0.090625
2 0.91640625 0.18046875 0.0515625 0.084375
10 0.08125 0.07578125 0.059375 0.1515625
2 0.5765625 0.05859375 0.028125 0.0609375
8 0.47421875 0.13515625 0.246875 0.0765625
6 0.76875 0.39140625 0.0671875 0.0828125
10 0.7828125 0.12578125 0.0796875 0.1515625
10 0.8453125 0.14140625 0.115625 0.1625
4 0 0.5141939765625 0.1174777328125 0.36275375 0.1712006921875 0.3431301390625 0.778551809375 0.36993160937499997 0.9865633687500001 0.624186403125 0.996705690625 0.5601503078125 0.7879841734374999 0.31703610625 0.1290401125 0.276436559375 0.0052502046875 0.4275006640625 0 0.46441666406250004 0 0.5141939765625