3 0.58828125 0.4484375 0.15625 0.190625
0 0.3578125 0.440625 0.1484375 0.203125
5 0.56484375 0.27265625 0.0921875 0.0890625
1 0.72578125 0.29921875 0.109375 0.1484375
1 0.0703125 0.7390625 0.140625 0.1875
6 0.23359375 0.33125 0.140625 0.1171875
5 0.171875 0.23984375 0.13125 0.14375
1 0.06171875 0.52109375 0.1234375 0.2234375
0 0.046875 0.3453125 0.0765625 0.140625
6 0.44140625 0.19765625 0.0953125 0.121875
5 0.59453125 0.18359375 0.0515625 0.0625
2 0.98515625 0.16640625 0.0296875 0.1453125
2 0.87578125 0.1109375 0.0703125 0.0921875
2 0.76171875 0.05703125 0.0625 0.0359375
10 0.42109375 0.00859375 0.1109375 0.0171875
10 0.52421875 0.0125 0.0984375 0.025
4 0.7155647640625 0.2561565375 0.7435857703125001 0.240813821875 0.782488453125 0.294520203125 0.7703778671875 0.3402232140625 0.8884486796875001 0.42353655625000003 0.9064367109375 0.346424734375 0.6114392546875 0.11475090624999999 0.201131125 0.1650089046875 0.24301065156249999 0.2210282640625 0.3982267296875 0.197223759375 0.413496146875 0.14793242812500002 0.486364209375 0.17336043437499998 0.5768611499999999 0.16845755625 0.5994483875000001 0.14486027031249998 0.7155647640625 0.2561565375