3 0.5671875 0.42265625 0.14375 0.18125
0 0.34609375 0.490625 0.134375 0.196875
5 0.4875 0.2640625 0.0859375 0.084375
1 0.64765625 0.23671875 0.0984375 0.1421875
1 0.15546875 0.87109375 0.165625 0.178125
6 0.19375 0.42734375 0.134375 0.1078125
5 0.10546875 0.3609375 0.121875 0.1375
1 0.0765625 0.66953125 0.1421875 0.215625
0 0.02734375 0.50078125 0.0546875 0.1390625
6 0.34609375 0.2328125 0.0875 0.1171875
5 0.4859375 0.1703125 0.046875 0.059375
2 0.87578125 0.04453125 0.0734375 0.0890625
2 0.72890625 0.02734375 0.0640625 0.0546875
2 0.60234375 0.00546875 0.0609375 0.0109375
8 0 0.15963850468750002 0.2136997171875 0.059384726562500004 0.2048864703125 0.032480471875 0 0.11532566562499999 0 0.15963850468750002
10 0.259375 0.04296875 0.109375 0.046875
10 0.3625 0.02421875 0.096875 0.0328125
4 0.6244328218749999 0.19926045312500001 0.6459321046875 0.17563088437500002 0.7002004015625001 0.213745790625 0.7036290625 0.26090165781249997 0.8423913796875 0.30123587343749997 0.8342942437499999 0.22246888281250002 0.47994305 0.099458753125 0.10835149531249999 0.280561884375 0.166187484375 0.31989459062500003 0.30519718125 0.2468535765625 0.30358701093749996 0.1952764703125 0.380763665625 0.1955956015625 0.464733984375 0.1614969171875 0.4784081109375 0.13183156093749998 0.6244328218749999 0.19926045312500001