3 0.56015625 0.4171875 0.15625 0.190625
0 0.34609375 0.50390625 0.1484375 0.203125
5 0.4671875 0.265625 0.0921875 0.0890625
1 0.62421875 0.225 0.109375 0.1484375
1 0.1890625 0.9 0.1765625 0.1875
6 0.18828125 0.4546875 0.140625 0.1171875
5 0.09453125 0.39609375 0.13125 0.14375
1 0.09296875 0.70546875 0.1578125 0.2234375
0 0.03046875 0.5421875 0.0609375 0.140625
6 0.3234375 0.24765625 0.0953125 0.121875
5 0.4578125 0.17265625 0.0515625 0.0625
2 0.8328125 0.0296875 0.084375 0.059375
2 0.68515625 0.01875 0.0703125 0.0375
8 0 0.188397315625 0.176387025 0.08601411406250001 0.1652624546875 0.0599803640625 0 0.144243165625 0 0.188397315625
10 0.22109375 0.065625 0.1109375 0.05625
10 0.321875 0.0375 0.0984375 0.040625
4 0.5977481390625 0.1895598234375 0.6171061578125 0.1641463859375 0.6744898796875 0.1973864609375 0.6820153984374999 0.24406405625 0.8237650421874999 0.27215085625 0.808833721875 0.194389309375 0.445109903125 0.10273101250000001 0.09071654375 0.31553132968750003 0.1517605203125 0.3496736234375 0.2838753 0.26479505937500003 0.277776015625 0.2135545546875 0.35468680468749997 0.207146084375 0.43536569375 0.165858659375 0.44640228125 0.1351144109375 0.5977481390625 0.1895598234375