10 0.2125 0.0734375 0.15 0.146875
3 0.19765625 0.41640625 0.096875 0.134375
10 0.315625 0.078125 0.146875 0.15625
0 0.4609375 0.59609375 0.1421875 0.1921875
3 0.7171875 0.45078125 0.0734375 0.090625
1 0.6328125 0.3859375 0.0765625 0.1
10 0.64921875 0.103125 0.11875 0.1765625
5 0.3390625 0.37265625 0.0875 0.1078125
10 0.7296875 0.12109375 0.1015625 0.171875
6 0.50625 0.38203125 0.05 0.06875
6 0.1625 0.59296875 0.1515625 0.20625
3 0.32734375 0.47265625 0.0609375 0.1125
5 0.84609375 0.5125 0.0828125 0.1
0 0.76796875 0.56015625 0.0921875 0.1234375
2 0.5171875 0.05078125 0.0328125 0.0609375
1 0.43203125 0.35546875 0.046875 0.075
5 0.6953125 0.6 0.078125 0.1140625
1 0.45390625 0.45390625 0.08125 0.103125
2 0.43984375 0.0390625 0.034375 0.0546875
0 0.57890625 0.45390625 0.0546875 0.0921875
2 0.92265625 0.18828125 0.0515625 0.0859375
10 0.0890625 0.071875 0.0625 0.14375
2 0.58359375 0.06015625 0.0296875 0.0625
8 0.48046875 0.13515625 0.246875 0.0796875
6 0.7703125 0.39609375 0.06875 0.0828125
10 0.78984375 0.13046875 0.08125 0.1515625
10 0.8515625 0.146875 0.11875 0.1625
4 0 0.505252240625 0.11993127031249999 0.35609871875 0.1739885265625 0.3374156921875 0.780779390625 0.37481281875 0.9843219109374999 0.632659190625 0.995580271875 0.5688098562499999 0.791133471875 0.3220899890625 0.13299833125 0.26999646718750003 0.0065908453125 0.41887713125000003 0 0.46005119531250005 0 0.505252240625