10 0.1671875 0.0875 0.13125 0.175
3 0.190625 0.4484375 0.0859375 0.128125
10 0.27109375 0.0859375 0.1296875 0.171875
0 0.47109375 0.6 0.125 0.1828125
3 0.7109375 0.42890625 0.065625 0.0859375
1 0.6203125 0.37265625 0.0671875 0.0953125
10 0.60703125 0.08984375 0.103125 0.16875
5 0.3265625 0.38984375 0.078125 0.1015625
10 0.68828125 0.09921875 0.0859375 0.165625
6 0.49453125 0.38203125 0.04375 0.065625
6 0.17421875 0.62734375 0.134375 0.196875
3 0.325 0.490625 0.05 0.109375
5 0.8453125 0.4765625 0.075 0.09375
0 0.77265625 0.53125 0.08125 0.1171875
2 0.4703125 0.0515625 0.0265625 0.059375
1 0.4171875 0.36328125 0.040625 0.071875
5 0.7046875 0.57890625 0.0671875 0.109375
1 0.45 0.45859375 0.071875 0.096875
2 0.3921875 0.04765625 0.0296875 0.053125
0 0.5734375 0.4453125 0.046875 0.0890625
2 0.98359375 0.20234375 0.0328125 0.1078125
2 0.8875 0.1453125 0.04375 0.0828125
10 0.0453125 0.109375 0.046875 0.159375
2 0.5375 0.05390625 0.0234375 0.0609375
8 0.4421875 0.1390625 0.2453125 0.0546875
6 0.75859375 0.36875 0.0609375 0.078125
10 0.74921875 0.10234375 0.0671875 0.1484375
10 0.81328125 0.1125 0.1046875 0.1546875
4 1 0.5165739406250001 0.770941953125 0.2926328640625 0.1109668890625 0.3096185703125 0.0008141421875 0.47089683125 0 0.4859570890625 0 0.5625893734375 0.10697154687499999 0.396615025 0.1587797640625 0.3723838234375 0.766155628125 0.34614916875 0.9955354062499999 0.5813070453125 1 0.51746039375 1 0.5165739406250001