3 0.60703125 0.4921875 0.0953125 0.1234375
5 0.5625 0.74296875 0.10625 0.16875
10 0.0765625 0.1703125 0.1375 0.196875
3 0.125 0.646875 0.0859375 0.128125
1 0.49375 0.4296875 0.096875 0.11875
3 0.040625 0.59765625 0.08125 0.1421875
5 0.78515625 0.5375 0.1140625 0.14375
1 0.26953125 0.5875 0.1078125 0.1296875
10 0.1765625 0.1453125 0.1578125 0.203125
10 0.5234375 0.08828125 0.125 0.1765625
5 0.16328125 0.509375 0.10625 0.125
0 0.41640625 0.5484375 0.0640625 0.1125
0 0.24921875 0.80234375 0.1890625 0.265625
10 0.80859375 0.06875 0.1015625 0.1375
10 0.61171875 0.08125 0.1078125 0.1625
6 0.678125 0.39375 0.0765625 0.1109375
0 0.6796875 0.64140625 0.1046875 0.1671875
6 0.35078125 0.46484375 0.0546875 0.078125
2 0.32578125 0.0828125 0.034375 0.0609375
2 0.403125 0.06875 0.0328125 0.0609375
2 0.8578125 0.0765625 0.059375 0.1
1 0.265625 0.453125 0.0546875 0.0875
2 0.24765625 0.09453125 0.0375 0.0609375
8 0.365625 0.1703125 0.2546875 0.0859375
10 0.746875 0.071875 0.103125 0.14375
10 0.6953125 0.07734375 0.121875 0.1546875
4 1 0.5660450906250001 0.7113925515624999 0.2906673921875 0 0.439924809375 0 0.5299171078125 0.0326509015625 0.4949667421875 0.6710757515625 0.3499579765625 0.7173880984375 0.3516640640625 1 0.64722783125 1 0.5660450906250001