3 0.60703125 0.50703125 0.0796875 0.115625
5 0.528125 0.74921875 0.084375 0.1609375
10 0.1265625 0.1140625 0.1140625 0.184375
3 0.10859375 0.59375 0.0703125 0.1203125
1 0.50390625 0.4296875 0.0828125 0.109375
3 0.03203125 0.53359375 0.0640625 0.1359375
5 0.77734375 0.57734375 0.096875 0.1328125
1 0.259375 0.5546875 0.09375 0.11875
10 0.22890625 0.10390625 0.134375 0.1875
10 0.58203125 0.08984375 0.1015625 0.1796875
5 0.16484375 0.4625 0.0921875 0.1140625
0 0.4109375 0.53671875 0.05 0.10625
0 0.21015625 0.7640625 0.1578125 0.2484375
10 0.86953125 0.090625 0.0765625 0.18125
10 0.67109375 0.0890625 0.084375 0.1765625
6 0.69140625 0.41953125 0.0640625 0.103125
0 0.6578125 0.66484375 0.084375 0.1578125
6 0.35703125 0.44453125 0.0453125 0.0734375
2 0.38515625 0.0625 0.0265625 0.0578125
2 0.4640625 0.059375 0.025 0.059375
2 0.91328125 0.13046875 0.046875 0.0953125
1 0.27421875 0.42109375 0.04375 0.0828125
2 0.30625 0.06328125 0.0296875 0.0578125
8 0.41328125 0.15546875 0.253125 0.0515625
10 0.0171875 0.14375 0.034375 0.18125
10 0.8078125 0.08984375 0.0796875 0.178125
10 0.75390625 0.08984375 0.0984375 0.1796875
4 1 0.652761053125 0.7384687624999999 0.32212475937499996 0.0084882359375 0.37124174375 0 0.383667628125 0 0.4606070703125 0.0378996046875 0.42997330156249997 0.6902926671875 0.3752273171875 0.7359168656249999 0.383362234375 1 0.7506466281249999 1 0.652761053125