3 0.6015625 0.53671875 0.1015625 0.128125
5 0.45859375 0.74765625 0.115625 0.171875
10 0.24765625 0.06328125 0.1484375 0.1265625
3 0.09765625 0.48203125 0.09375 0.13125
1 0.5234375 0.43359375 0.1015625 0.121875
3 0.04296875 0.403125 0.0859375 0.14375
5 0.7453125 0.65078125 0.121875 0.146875
1 0.25390625 0.4859375 0.1140625 0.134375
10 0.3484375 0.07421875 0.16875 0.1484375
10 0.6921875 0.12734375 0.1359375 0.1953125
5 0.18828125 0.371875 0.1125 0.1296875
0 0.40390625 0.5109375 0.0703125 0.1140625
0 0.1484375 0.67421875 0.203125 0.271875
10 0.95625 0.20546875 0.0875 0.1953125
10 0.77734375 0.15234375 0.11875 0.1875
6 0.70546875 0.47578125 0.0828125 0.1125
0 0.60625 0.70234375 0.1140625 0.1703125
6 0.378125 0.4078125 0.059375 0.0796875
2 0.51015625 0.04765625 0.0375 0.0609375
2 0.58671875 0.06640625 0.0375 0.0625
2 0.98359375 0.25859375 0.0328125 0.1015625
1 0.3046875 0.36171875 0.059375 0.0890625
2 0.434375 0.02890625 0.040625 0.0578125
8 0.51171875 0.14453125 0.2546875 0.1015625
10 0.12734375 0.05703125 0.0859375 0.1140625
10 0.90859375 0.190625 0.1140625 0.1890625
10 0.8578125 0.175 0.1328125 0.196875
4 0.0282922421875 0.3251337328125 0.0751025640625 0.30531388593750003 0.7173130640625 0.4325125671875 0.7589275703125 0.452908084375 0.9160952468750001 0.89145716875 0.9149233125 0.9026162359375001 0.9421395265625 0.793457965625 0.7782599484375 0.39474624375 0.063019153125 0.24075061718750002 0.0457643796875 0.2550568203125 0.0282922421875 0.3251337328125