10 0.27890625 0.11796875 0.1015625 0.1609375
10 0.6828125 0.0859375 0.159375 0.171875
0 0.20390625 0.5234375 0.125 0.1484375
5 0.6609375 0.528125 0.103125 0.1453125
10 0.784375 0.08515625 0.153125 0.1703125
3 0.1484375 0.38984375 0.0859375 0.0921875
10 0.353125 0.10234375 0.121875 0.16875
5 0.2375 0.3609375 0.0734375 0.0890625
1 0.47109375 0.36796875 0.090625 0.109375
6 0.08046875 0.4859375 0.115625 0.121875
1 0.26953125 0.42265625 0.065625 0.09375
0 0.496875 0.55625 0.1125 0.1484375
2 0.60546875 0.03984375 0.0375 0.0578125
3 0.5234375 0.43828125 0.0796875 0.1078125
6 0.35546875 0.365625 0.046875 0.0609375
0 0.36484375 0.43046875 0.059375 0.0921875
2 0.08515625 0.17421875 0.0640625 0.09375
10 0.865625 0.084375 0.125 0.16875
6 0.6484375 0.3828125 0.0609375 0.10625
5 0.37890625 0.57109375 0.075 0.1109375
2 0.45078125 0.0578125 0.034375 0.05625
2 0.52578125 0.04921875 0.0359375 0.059375
10 0.159375 0.140625 0.1484375 0.165625
3 0.1859375 0.4328125 0.05625 0.084375
1 0.3109375 0.346875 0.040625 0.0703125
8 0.52421875 0.1390625 0.2609375 0.1203125
4 0 0.49458157500000005 0.1557919375 0.3534696609375 0.20444844843749999 0.332730746875 0.69439084375 0.3622037546875 0.7403999703124999 0.37629645156249997 0.918542721875 0.8979048781250001 0.9748705734374999 0.8944918718749999 0.746890896875 0.3025547890625 0.16173863593749999 0.291260425 0 0.4484178109375 0 0.49458157500000005