10 0.4 0.0734375 0.08125 0.146875
10 0.80390625 0.13203125 0.1296875 0.2125
0 0.21015625 0.4359375 0.10625 0.1359375
5 0.64609375 0.5734375 0.084375 0.1375
10 0.90234375 0.1609375 0.1234375 0.2140625
3 0.19609375 0.29140625 0.075 0.0828125
10 0.475 0.078125 0.1 0.15625
2 0.07109375 0.09140625 0.06875 0.1
5 0.28984375 0.290625 0.0625 0.0828125
1 0.5109375 0.365625 0.0765625 0.1
6 0.103125 0.3640625 0.1015625 0.109375
1 0.30234375 0.35859375 0.0546875 0.0890625
0 0.48046875 0.55234375 0.09375 0.1390625
2 0.73515625 0.090625 0.0296875 0.05625
3 0.540625 0.44765625 0.0671875 0.1015625
6 0.40078125 0.3296875 0.0390625 0.05625
0 0.39140625 0.39375 0.046875 0.0890625
2 0.1984375 0.0671875 0.0515625 0.0890625
10 0.96640625 0.18359375 0.0671875 0.2140625
6 0.6765625 0.43203125 0.0453125 0.103125
5 0.36328125 0.5328125 0.0609375 0.1046875
2 0.58203125 0.0625 0.0265625 0.0546875
2 0.65625 0.0765625 0.0265625 0.05625
10 0.27890625 0.065625 0.1296875 0.13125
3 0.21953125 0.34375 0.0453125 0.0796875
1 0.3640625 0.2984375 0.03125 0.0671875
8 0.62890625 0.16171875 0.25625 0.0828125
4 0.8376393796875 1 0.7938303328125 0.3833661171875 0.2375485953125 0.20148329999999998 0.0115391953125 0.31752142499999997 0.0107257875 0.3546031953125 0.2136735171875 0.2592356421875 0.2662674421875 0.25362870625 0.7261846109375 0.425059178125 0.7660630515625 0.45198785781249995 0.7838246515625 1 0.8376393796875 1