10 0.421875 0.071875 0.0875 0.14375
10 0.82265625 0.1484375 0.1390625 0.2171875
0 0.2140625 0.42109375 0.1125 0.140625
5 0.6421875 0.58125 0.090625 0.140625
10 0.91953125 0.18203125 0.134375 0.21875
3 0.20703125 0.27578125 0.078125 0.0875
10 0.49765625 0.07890625 0.1078125 0.1578125
2 0.09296875 0.06953125 0.0734375 0.1015625
5 0.30078125 0.2796875 0.065625 0.0859375
1 0.51796875 0.36640625 0.08125 0.1046875
6 0.1109375 0.34375 0.10625 0.1140625
1 0.31015625 0.3484375 0.0578125 0.090625
0 0.478125 0.5515625 0.1 0.1421875
2 0.75625 0.103125 0.0328125 0.05625
3 0.54296875 0.45 0.071875 0.103125
6 0.41015625 0.32421875 0.0421875 0.0578125
0 0.396875 0.38828125 0.0515625 0.090625
2 0.22109375 0.0515625 0.0546875 0.090625
10 0.97109375 0.20859375 0.0578125 0.2171875
6 0.6796875 0.440625 0.0515625 0.1046875
5 0.36171875 0.52578125 0.065625 0.1078125
2 0.6046875 0.0671875 0.0296875 0.05625
2 0.678125 0.08515625 0.0296875 0.0578125
10 0.30234375 0.06171875 0.1359375 0.1234375
3 0.228125 0.3296875 0.05 0.08125
1 0.37421875 0.29140625 0.034375 0.06875
8 0.64609375 0.16953125 0.2578125 0.0953125
4 0.810693284375 1 0.79953179375 0.39890385156249997 0.25353143125 0.1881567609375 0.0217588046875 0.2922074421875 0.0190058015625 0.3291958234375 0.2266665515625 0.24458043125 0.2794818421875 0.2417337328125 0.7297967328125 0.4369994703125 0.7682111828125 0.4659783203125 0.7575505578125 1 0.810693284375 1