3 0.12421875 0.96171875 0.1515625 0.0765625
0 0.0984375 0.71875 0.1875 0.30625
3 0.2390625 0.38359375 0.1078125 0.1421875
0 0.40546875 0.3671875 0.05625 0.125
5 0.43984375 0.2578125 0.09375 0.1234375
6 0.53125 0.73828125 0.109375 0.2171875
1 0.70859375 0.6390625 0.1171875 0.18125
1 0.53984375 0.50703125 0.115625 0.1984375
0 0.73984375 0.384375 0.1125 0.1515625
6 0.55 0.31953125 0.0921875 0.115625
6 0.61875 0.18671875 0.078125 0.1046875
5 0.76015625 0.22734375 0.075 0.0859375
3 0.896875 0.36328125 0.1359375 0.1703125
1 0.9 0.228125 0.084375 0.1109375
5 0.71796875 0.15078125 0.0390625 0.059375
2 0.8671875 0.03203125 0.065625 0.0640625
2 0.7421875 0.0109375 0.05625 0.021875
4 0 0.4926602203125 0.0320662796875 0.44613368906249995 0.2039337828125 0.3548812796875 0.3214367703125 0.3055636625 0.39859609375 0.26721136093750003 0.5142197281249999 0.21434031562500003 0.604627090625 0.1720405703125 0.6692993281249999 0.140357525 0.7133209968750001 0.13557666562499998 0.793938546875 0.16663151874999999 0.8635448640625001 0.20329704375 0.9462952609374999 0.25275455468749997 0.9826029953125 0.2793208484375 0.977841709375 0.224899103125 0.9314683515625 0.19084826875 0.8869857421875 0.17243288437499998 0.8379027750000001 0.1432664265625 0.7788462796875 0.1196198546875 0.7404284890625 0.0988149421875 0.6988629343749999 0.0838622015625 0.6670169453125 0.090366215625 0.5287599015625 0.1414995765625 0.3156149921875 0.2270686640625 0.13546912656250001 0.301385540625 0 0.3808112484375 0 0.4926602203125
8 0.21171875 0.06328125 0.33125 0.1078125
10 0.028125 0.10390625 0.05625 0.1328125
10 0.421875 0.0171875 0.1015625 0.0328125
10 0.50078125 0.0125 0.0640625 0.025