3 0.0328125 0.825 0.065625 0.1375
0 0.08203125 0.56796875 0.1640625 0.3265625
3 0.29453125 0.30078125 0.128125 0.1546875
0 0.45625 0.34296875 0.0765625 0.128125
5 0.52578125 0.2515625 0.1109375 0.134375
6 0.44765625 0.734375 0.1421875 0.2265625
1 0.64765625 0.70234375 0.14375 0.19375
1 0.53515625 0.51953125 0.1453125 0.209375
0 0.76484375 0.4734375 0.134375 0.1640625
6 0.60859375 0.346875 0.109375 0.1265625
6 0.71875 0.24609375 0.09375 0.1140625
5 0.8375 0.3328125 0.0859375 0.0953125
3 0.91953125 0.50703125 0.159375 0.1875
1 0.959375 0.38125 0.08125 0.121875
5 0.82421875 0.24609375 0.0484375 0.0640625
2 0.98515625 0.16875 0.0296875 0.10625
2 0.89921875 0.1109375 0.0609375 0.0546875
2 0.828125 0.07578125 0.046875 0.021875
4 1 0.3468191671875 0.9756821984374999 0.32454451875 0.9395348125 0.28034965 0.8921274640625001 0.237930628125 0.863142246875 0.205240746875 0.8291975421875 0.1769735109375 0.7970475968749999 0.172193315625 0.6496398343750001 0.1729562640625 0.4200827828125 0.18046505 0.22538317343749997 0.18868655781250002 0.057537475000000005 0.21944097343750002 0.030744565624999998 0.323458165625 0.0787095 0.2893394671875 0.2714222859375 0.2623724 0.39870659375 0.2562173875 0.4843299015625 0.24656805468749998 0.611063540625 0.23643113593749998 0.7104860359375 0.22760351562499997 0.7820943 0.21995040000000002 0.8250962875000001 0.23051415937500003 0.8902306203125001 0.2872690015625 0.9430988140625001 0.34553008749999997 1 0.4154609953125 1 0.3468191671875
8 0.378125 0.0359375 0.334375 0.071875
10 0.17265625 0.015625 0.1171875 0.03125
10 0.59140625 0.021875 0.1015625 0.04375
10 0.66875 0.040625 0.0671875 0.040625