3 0.0765625 0.940625 0.1453125 0.10625
0 0.08046875 0.675 0.1609375 0.296875
3 0.25234375 0.35625 0.0984375 0.1359375
0 0.41953125 0.3578125 0.0484375 0.121875
5 0.465625 0.25234375 0.0859375 0.1171875
6 0.50625 0.73984375 0.0953125 0.2109375
1 0.6921875 0.66015625 0.10625 0.175
1 0.5390625 0.5109375 0.103125 0.1921875
0 0.75078125 0.41015625 0.103125 0.1453125
6 0.56875 0.32578125 0.0859375 0.109375
6 0.65078125 0.20078125 0.071875 0.1
5 0.7875 0.25546875 0.06875 0.08125
3 0.90859375 0.40546875 0.125 0.1625
1 0.92578125 0.27109375 0.0765625 0.10625
5 0.753125 0.17578125 0.0359375 0.0578125
2 0.91640625 0.0546875 0.059375 0.096875
2 0.79375 0.02578125 0.053125 0.04375
2 0.715625 0.009375 0.0453125 0.0125
4 1 0.272734153125 0.961419878125 0.237642559375 0.9191058812499999 0.21467835625 0.8733405203125001 0.180541109375 0.8170792828125 0.1508509890625 0.781046653125 0.1261442953125 0.7412717875 0.106928684375 0.7089204 0.11006825625000001 0.5660758515625 0.1464697078125 0.345154165625 0.20929032812499998 0.15822692968750002 0.2643697203125 0.00280713125 0.33481614843749996 0.001974121875 0.44222537656250005 0.040260232812500005 0.3975163828125 0.22072470156250001 0.324728909375 0.3427390890625 0.287963865625 0.42348463281250004 0.2578870078125 0.5440013984375 0.2173915546875 0.6383350265625001 0.184773675 0.7059647640625 0.1600242828125 0.7502450140625 0.15987113125000002 0.8271748156250001 0.199182690625 0.8925672312499999 0.24292319999999998 0.9696945953125 0.30075955 1 0.3282319296875 1 0.272734153125
8 0.25859375 0.0390625 0.3265625 0.078125
10 0.05078125 0.05859375 0.0890625 0.1171875
10 0.471875 0.0125 0.1 0.025
10 0.55234375 0.01328125 0.0625 0.0265625