3 0.571875 0.77265625 0.15625 0.209375
0 0.5046875 0.52265625 0.178125 0.24375
3 0.5875 0.30703125 0.103125 0.1265625
0 0.775 0.34140625 0.0859375 0.1390625
5 0.79609375 0.240625 0.13125 0.15625
6 0.9296875 0.340625 0.1125 0.1265625
1 0.9375 0.53515625 0.125 0.2203125
6 0.94765625 0.7515625 0.1046875 0.228125
2 0.028125 0.1671875 0.05625 0.11875
2 0.07890625 0.115625 0.075 0.0546875
10 0.20859375 0.08046875 0.096875 0.0609375
10 0.309375 0.05703125 0.11875 0.071875
10 0.7140625 0.0171875 0.1375 0.034375
8 0.50625 0.0328125 0.29375 0.065625
4 0.54453125 0.5453125 0.9109375 0.909375