3 0.50859375 0.78203125 0.11875 0.1890625
0 0.49921875 0.5234375 0.1328125 0.2234375
3 0.62890625 0.33125 0.08125 0.1125
0 0.80390625 0.40703125 0.059375 0.13125
5 0.846875 0.31328125 0.1046875 0.1375
6 0.9546875 0.44140625 0.090625 0.1109375
1 0.9375 0.63671875 0.125 0.1984375
6 0.91328125 0.8546875 0.1328125 0.2078125
2 0.0890625 0.0640625 0.090625 0.103125
2 0.1765625 0.03046875 0.0671875 0.040625
10 0.3109375 0.02578125 0.0921875 0.0421875
10 0.4140625 0.025 0.1125 0.0484375
10 0.82734375 0.04296875 0.1203125 0.0859375
10 0.92265625 0.04765625 0.0953125 0.0953125
8 0.61796875 0.02421875 0.2921875 0.0484375
4 0.571875 0.596875 0.85625 0.80625