3 0.55703125 0.7765625 0.1484375 0.2046875
0 0.503125 0.5234375 0.1671875 0.240625
3 0.59765625 0.31171875 0.0984375 0.1234375
0 0.78359375 0.35625 0.0796875 0.1375
5 0.809375 0.25625 0.125 0.1515625
6 0.9375 0.36328125 0.1078125 0.1234375
1 0.93828125 0.55859375 0.1234375 0.2171875
6 0.94296875 0.7765625 0.1140625 0.225
2 0.0359375 0.1421875 0.071875 0.115625
2 0.1 0.09375 0.0734375 0.0515625
10 0.23125 0.065625 0.096875 0.0578125
10 0.3328125 0.04765625 0.1171875 0.0671875
10 0.7421875 0.021875 0.134375 0.04375
10 0.8359375 0.01796875 0.1125 0.0359375
8 0.5328125 0.03046875 0.29375 0.0609375
4 0.55 0.55703125 0.9 0.8859375