2 0.76796875 0.00625 0.0453125 0.0125
2 0.925 0.02578125 0.046875 0.0515625
3 0.55859375 0.428125 0.084375 0.121875
3 0.33125 0.2625 0.059375 0.0953125
0 0.41953125 0.37890625 0.128125 0.175
0 0.434375 0.20390625 0.0453125 0.08125
5 0.3984375 0.15625 0.05625 0.075
6 0.48671875 0.1640625 0.05 0.0609375
5 0.55390625 0.22265625 0.053125 0.084375
6 0.61171875 0.26953125 0.0484375 0.0953125
1 0.646875 0.2234375 0.0421875 0.0671875
0 0.59609375 0.14921875 0.0625 0.0703125
3 0.6515625 0.11796875 0.0578125 0.0734375
1 0.61953125 0.07109375 0.0421875 0.05625
5 0.55390625 0.09453125 0.0390625 0.0515625
5 0.50390625 0.0640625 0.021875 0.0359375
6 0.4703125 0.0953125 0.046875 0.0609375
8 0.071875 0.11875 0.14375 0.153125
10 0.18671875 0.05234375 0.10625 0.046875
4 0.40859375 0.42734375 0.775 0.8484375