2 0.03359375 0.0078125 0.0296875 0.015625
2 0.72109375 0.0171875 0.0390625 0.021875
2 0.84453125 0.0359375 0.040625 0.0484375
2 0.98984375 0.07109375 0.0203125 0.1046875
3 0.56953125 0.43828125 0.075 0.1171875
3 0.37109375 0.2390625 0.053125 0.0921875
0 0.43984375 0.36796875 0.115625 0.1671875
0 0.48125 0.19765625 0.0390625 0.078125
5 0.45390625 0.14453125 0.0515625 0.071875
6 0.53984375 0.16640625 0.0453125 0.05625
5 0.596875 0.234375 0.046875 0.0796875
6 0.64609375 0.28984375 0.040625 0.0921875
1 0.68828125 0.25 0.0375 0.065625
0 0.65 0.16796875 0.0578125 0.065625
3 0.709375 0.14609375 0.0515625 0.06875
1 0.68515625 0.0953125 0.0375 0.053125
5 0.6171875 0.1078125 0.0359375 0.05
5 0.571875 0.0703125 0.01875 0.034375
6 0.53359375 0.0953125 0.0421875 0.0578125
8 0.10859375 0.06015625 0.1921875 0.1203125
10 0.2609375 0.01328125 0.103125 0.0265625
4 0.42109375 0.41328125 0.7125 0.7953125