2 0.66953125 0.00390625 0.0390625 0.0078125
2 0.79296875 0.01328125 0.0421875 0.0265625
2 0.95078125 0.03671875 0.0421875 0.0734375
3 0.5625 0.43125 0.078125 0.11875
3 0.34453125 0.25390625 0.0546875 0.09375
0 0.4265625 0.375 0.1203125 0.1703125
0 0.45 0.2015625 0.040625 0.0796875
5 0.4171875 0.15078125 0.053125 0.0734375
6 0.5046875 0.1640625 0.046875 0.0578125
5 0.56875 0.22578125 0.05 0.08125
6 0.6234375 0.27578125 0.04375 0.09375
1 0.66171875 0.23203125 0.0390625 0.065625
0 0.61484375 0.1546875 0.059375 0.0671875
3 0.67109375 0.1265625 0.0546875 0.0703125
1 0.6421875 0.078125 0.0390625 0.0546875
5 0.575 0.09765625 0.0375 0.05
5 0.5265625 0.06484375 0.01875 0.034375
6 0.49140625 0.09453125 0.04375 0.059375
8 0.08125 0.0953125 0.1625 0.14375
10 0.2109375 0.0359375 0.1046875 0.0421875
4 0.4125 0.42265625 0.7390625 0.8171875