2 0.05390625 0.03046875 0.0390625 0.0453125
2 0.1765625 0.0140625 0.040625 0.0171875
2 0.6171875 0.0078125 0.053125 0.015625
2 0.703125 0.02734375 0.0625 0.0546875
2 0.834375 0.059375 0.084375 0.11875
3 0.2046875 0.384375 0.0984375 0.11875
0 0.44375 0.42578125 0.1046875 0.1734375
3 0.571875 0.38359375 0.05 0.109375
6 0.50625 0.2375 0.034375 0.0796875
1 0.41328125 0.22421875 0.0609375 0.084375
0 0.2921875 0.2625 0.0484375 0.0890625
5 0.19453125 0.23203125 0.090625 0.0984375
6 0.29921875 0.1921875 0.046875 0.0625
0 0.39765625 0.146875 0.0453125 0.0734375
1 0.48828125 0.18671875 0.028125 0.0625
3 0.41796875 0.10390625 0.040625 0.065625
5 0.303125 0.10703125 0.0328125 0.05
1 0.3484375 0.06953125 0.0390625 0.0609375
6 0.21875 0.14140625 0.0625 0.078125
5 0.221875 0.0875 0.0203125 0.0265625
4 0.4125 0.48515625 0.825 0.9109375