2 0.73359375 0.05 0.0546875 0.028125
2 0.81171875 0.0890625 0.071875 0.0703125
2 0.9328125 0.15078125 0.109375 0.140625
3 0.24140625 0.31640625 0.1203125 0.1359375
0 0.46328125 0.41484375 0.1375 0.1890625
3 0.5984375 0.4046875 0.0703125 0.1171875
6 0.56953125 0.246875 0.05 0.0859375
1 0.4828125 0.2109375 0.0765625 0.09375
0 0.35546875 0.21875 0.065625 0.0953125
5 0.26875 0.165625 0.1078125 0.1140625
6 0.3796875 0.153125 0.059375 0.0703125
0 0.4859375 0.1328125 0.059375 0.08125
1 0.5640625 0.19296875 0.040625 0.065625
3 0.51640625 0.0953125 0.053125 0.0734375
5 0.40390625 0.07109375 0.0421875 0.05625
1 0.45703125 0.04609375 0.05 0.0671875
6 0.3140625 0.084375 0.0765625 0.0890625
5 0.3296875 0.0328125 0.025 0.0296875
4 0.45625 0.49609375 0.9125 0.9921875