2 0.0140625 0.0796875 0.028125 0.05
2 0.12734375 0.05078125 0.0421875 0.021875
2 0.56484375 0.00390625 0.0546875 0.0078125
2 0.65234375 0.01953125 0.0671875 0.0390625
2 0.7859375 0.0453125 0.096875 0.090625
3 0.19453125 0.415625 0.1109375 0.128125
0 0.43671875 0.43203125 0.121875 0.1828125
3 0.559375 0.37734375 0.0609375 0.1140625
6 0.47890625 0.23828125 0.04375 0.0828125
1 0.38515625 0.234375 0.0703125 0.0890625
0 0.26796875 0.28515625 0.0578125 0.0921875
5 0.16796875 0.265625 0.1 0.10625
6 0.26796875 0.21484375 0.053125 0.065625
0 0.36171875 0.159375 0.053125 0.078125
1 0.45546875 0.18984375 0.034375 0.0640625
3 0.37734375 0.1140625 0.046875 0.0703125
5 0.26328125 0.1296875 0.0375 0.053125
1 0.3046875 0.08828125 0.0453125 0.065625
6 0.1828125 0.17265625 0.0703125 0.084375
5 0.18046875 0.11875 0.021875 0.028125
4 0.43359375 0.49453125 0.8671875 0.9890625