6 0.31796875 0.38203125 0.1359375 0.190625
5 0.56015625 0.46640625 0.14375 0.2125
3 0.44296875 0.32265625 0.096875 0.14375
1 0.73046875 0.29609375 0.1 0.1265625
3 0.73984375 0.43828125 0.140625 0.1875
3 0.90625 0.49921875 0.0734375 0.128125
6 0.86796875 0.36953125 0.059375 0.096875
5 0.63046875 0.20703125 0.0359375 0.075
6 0.59296875 0.28984375 0.0828125 0.1046875
1 0.55546875 0.203125 0.0609375 0.09375
4 1 0.373900721875 0.5504649734375 0.10205756562499999 0.20609563125000002 0.2340917984375 0.21649296875 0.2904689234375 0.5501489625 0.15630613124999998 1 0.4420731625 1 0.373900721875
8 0.89296875 0.13125 0.2140625 0.165625
10 0.72265625 0.05 0.1953125 0.0765625