6 0.29140625 0.440625 0.15 0.1984375
5 0.54765625 0.45 0.159375 0.221875
3 0.39375 0.346875 0.1078125 0.1484375
1 0.6609375 0.23828125 0.1078125 0.1328125
3 0.7109375 0.3703125 0.153125 0.1953125
3 0.88828125 0.38046875 0.084375 0.1328125
6 0.8140625 0.26796875 0.0671875 0.1
5 0.5390625 0.18203125 0.040625 0.0765625
6 0.52734375 0.271875 0.090625 0.109375
1 0.46640625 0.2 0.06875 0.096875
4 0.4474713296875 0.15666178125000002 0.9702326859375001 0.3009063375 0.9569350453125001 0.2371740234375 0.43191278593750004 0.1046912265625 0.1411938203125 0.33164004375 0.1676199203125 0.38251386875 0.4474713296875 0.15666178125000002
8 0.790625 0.059375 0.26875 0.11875
10 0.58125 0.02578125 0.196875 0.0515625