6 0.33359375 0.36015625 0.1546875 0.2015625
5 0.5640625 0.47421875 0.165625 0.2234375
3 0.46484375 0.3171875 0.1109375 0.15
1 0.753125 0.32578125 0.1125 0.134375
3 0.7453125 0.46796875 0.159375 0.1984375
3 0.903125 0.54921875 0.0875 0.1328125
6 0.88125 0.415625 0.0703125 0.1015625
5 0.66484375 0.22578125 0.04375 0.0765625
6 0.61796875 0.30234375 0.09375 0.1109375
1 0.59140625 0.2125 0.0703125 0.0984375
4 1 0.426627403125 0.5985857984375 0.1111739015625 0.24069240625 0.20025590625 0.24414160312500002 0.2574799203125 0.59166090625 0.16497959375 1 0.5006996984375001 1 0.426627403125
8 0.91171875 0.18515625 0.1765625 0.1921875
10 0.77578125 0.08046875 0.1984375 0.0984375