2 0.64140625 0.0578125 0.04375 0.090625
2 0.553125 0.0546875 0.0390625 0.0890625
2 0.4671875 0.059375 0.0390625 0.0875
2 0.3390625 0.065625 0.034375 0.0875
2 0.23046875 0.07734375 0.05 0.0875
2 0.1625 0.0890625 0.05 0.0953125
2 0.1046875 0.11796875 0.065625 0.10625
4 0.18526785625 0.1964285703125 0.18415178593749998 0.2162698421875 0.6015625 0.18650793593749998 0.5636160718750001 0.11904761875 0.5647321421875 0.1170634921875 0.5535714281249999 0.1289682546875 0.5747767859375 0.1666666671875 0.2042410703125 0.19246031875 0.26339285625 0.13888888906250002 0.25446428593750003 0.13095238125 0.18526785625 0.1964285703125
8 0.02901785625 0.49007936562500004 0.6841517859375 0.4365079359375 0.6897321421875 0.390873015625 0.6796875 0.3630952375 0.0357142859375 0.414682540625 0.017857143750000002 0.44642857031250005 0.02901785625 0.49007936562500004
10 1 0.09325396875 0.9051339296875 0.03174603125 0.6886160718750001 0 0.6473214281249999 0.35515873125 0.6785714281249999 0.3630952375 0.6930803578125 0.39484126875 0.6841517859375 0.440476190625 0.7232142859375 0.5337301578125 0.9475446421875 0.539682540625 1 0.322420634375 1 0.09325396875
0 0.7109375 0.5337301578125 0.6696428578125 0.46825396875 0.6473214281249999 0.4861111109375 0.6361607140625 0.5357142859375 0.6819196421875 0.6111111109375 0.7109375 0.5912698421875 0.7109375 0.5337301578125
5 0.5591517859375 0.6230158734375 0.5569196421875 0.539682540625 0.4921875 0.5337301578125 0.48772321406249997 0.6230158734375 0.485491071875 0.68253968125 0.5597098218750001 0.68253968125 0.5591517859375 0.6230158734375
6 0.31584821406249997 0.672619046875 0.30022321406249997 0.63095238125 0.2879464296875 0.5515873015625 0.25334821406249997 0.56746031875 0.26227678593750003 0.6428571437499999 0.27678571406249997 0.702380953125 0.31584821406249997 0.672619046875
3 0.139508928125 0.615079365625 0.140625 0.6210317453124999 0.16964285625 0.6210317453124999 0.21316964375 0.5555555562500001 0.2020089296875 0.509920634375 0.172991071875 0.4920634921875 0.12723214375 0.5615079359374999 0.139508928125 0.615079365625