2 0.7015625 0.08203125 0.05625 0.096875
2 0.61484375 0.06640625 0.0515625 0.09375
2 0.52890625 0.059375 0.0515625 0.0921875
2 0.40078125 0.04765625 0.0453125 0.090625
2 0.29140625 0.0453125 0.0609375 0.090625
2 0.221875 0.0484375 0.0625 0.096875
2 0.16171875 0.06640625 0.0796875 0.1140625
4 0.230579784375 0.1555806578125 0.2267132046875 0.175073509375 0.6442037640625 0.20369358750000002 0.6160152890624999 0.1316086671875 0.617396634375 0.1297991765625 0.6046877125 0.1400348125 0.620440096875 0.1803175609375 0.24992062656249997 0.1542915859375 0.31595245312500003 0.10947384843750001 0.3082153234375 0.1003719609375 0.230579784375 0.1555806578125
8 0.0349821078125 0.4246278671875 0.6911960203125 0.4627548109375 0.7030732234375 0.41834064218749994 0.6969922546875 0.38943525156250003 0.052106578125000004 0.3508967609375 0.0300050265625 0.37984860781249996 0.0349821078125 0.4246278671875
10 1 0.12188672656249999 0.9663595515625 0.0926867921875 0.7563670234375001 0.03111625 0.6660457140625 0.377071496875 0.69588704375 0.38927992499999997 0.7058365796875 0.42273625781249996 0.690643746875 0.466684446875 0.7163476484375 0.564467321875 0.9376664265624999 0.601582528125 1 0.44393395625 1 0.12188672656249999
0 0.7041903406250001 0.562758725 0.6724100984375 0.4921726421875 0.6478206656250001 0.50674945625 0.6298651390625001 0.554316625 0.664685534375 0.63534810625 0.6961823640625 0.6197384359375 0.7041903406250001 0.562758725
5 0.541455625 0.630051028125 0.5508429625 0.5472180359375 0.4875692 0.5323146078125001 0.470722190625 0.6201100937499999 0.4602276578125 0.6787439656250001 0.5337241171875 0.68907321875 0.541455625 0.630051028125
6 0.2936164390625 0.6453101546875 0.28394237968749997 0.60187440625 0.28283055625000003 0.5215731046875 0.24635995 0.53247650625 0.2447084203125 0.608382190625 0.2507920359375 0.669345971875 0.2936164390625 0.6453101546875
3 0.12700125 0.5637887609375001 0.12727805 0.5698385390625 0.15601350625 0.5738770453125001 0.20822921874999997 0.5150958234375 0.2035282734375 0.468351746875 0.1772780484375 0.4466298828125 0.1222996453125 0.5090300859375 0.12700125 0.5637887609375001