2 0.7234375 0.09296875 0.0609375 0.0984375
2 0.6375 0.07265625 0.0546875 0.0953125
2 0.5515625 0.0609375 0.0546875 0.09375
2 0.425 0.04453125 0.05 0.0890625
2 0.315625 0.040625 0.065625 0.08125
2 0.24609375 0.04140625 0.0671875 0.0828125
2 0.184375 0.053125 0.084375 0.10625
4 0.24897453125000002 0.14195230781249998 0.24409307343750003 0.16121608437499999 0.6595136171875 0.21164670624999998 0.63513640625 0.13818530625 0.6366105609375 0.13645058906250002 0.6233833640625 0.1460070625 0.6370059234375 0.1870590234375 0.2683563328125 0.141677225 0.33664324375 0.1003767453125 0.3293930734375 0.090882403125 0.24897453125000002 0.14195230781249998
8 0.0395640703125 0.40039400625 0.69288325625 0.47281228124999997 0.7070686390625001 0.429080584375 0.7025087953125 0.3998965546875 0.06052386093749999 0.32766017187499996 0.0369373765625 0.355415634375 0.0395640703125 0.40039400625
10 1 0.13015171875 0.9870375484375 0.11765237343749999 0.7805551609375 0.0451760515625 0.6722517359375 0.38593012656250003 0.7014132281250001 0.3996835984375 0.709598159375 0.43361479999999997 0.6921260765625 0.47670762812499995 0.71267719375 0.5757017328125 0.9317502015624999 0.6243490046875 1 0.47509707656250005 1 0.13015171875
0 0.7006259671875 0.5733592125 0.67258346875 0.501206615625 0.64726484375 0.5144765421875 0.6268444515625 0.561038803125 0.6573762671875001 0.643781590625 0.6896468765625 0.62984173125 0.7006259671875 0.5733592125
5 0.5345924656250001 0.63204241875 0.5483020828125 0.5498142406250001 0.4858950203125 0.5316197453125 0.4644762375 0.6184132046874999 0.450927428125 0.6764174796875 0.5237825703125 0.690579084375 0.5345924656250001 0.63204241875
6 0.286294334375 0.63430973125 0.278906784375 0.590427209375 0.2819991296875 0.51017776875 0.2450078671875 0.519157503125 0.239386003125 0.594872728125 0.2422706828125 0.6560713515625001 0.286294334375 0.63430973125
3 0.1241739859375 0.54418009375 0.12413378593749999 0.5502360687500001 0.1526185015625 0.5557729359375 0.207839025 0.4998050328125 0.20559091875000002 0.4528789875 0.1805135046875 0.42981306249999995 0.122344671875 0.4892504015625 0.1241739859375 0.54418009375