4 0.7168967015625001 0.08971098281249999 0.699973709375 0.06530301250000001 0.6103426578125 0.114310921875 0.6130748171875 0.1360663609375 0.78857398125 0.176953578125 0.9078688078124999 0.2125006015625 0.9072554578125 0.180080446875 0.7831654203125 0.14360537499999998 0.6495407203125 0.11543688437499999 0.7168967015625001 0.08971098281249999
5 0.575 0.55 0.1375 0.1890625
0 0.7671875 0.67890625 0.13125 0.1984375
6 0.44921875 0.4125 0.08125 0.1140625
3 0.4359375 0.33203125 0.05625 0.0640625
1 0.353125 0.32109375 0.0453125 0.075
8 0.4266749484375 0.2116619171875 0.41412934218749997 0.2267689578125 0.4254204 0.2607941875 0.8908626515625 0.6051327578125 0.8998954609375 0.5053620984375 0.4266749484375 0.2116619171875
10 0.4342551015625 0.0063876328125 0.277817246875 0.0381428765625 0.3297084140625 0.2381053390625 0.37219622812500003 0.28324422031249996 0.4858036859375 0.2346296640625 0.4342551015625 0.0063876328125
10 0.2571588109375 0.042912251562499996 0.29731285 0.2069173578125 0.3258053359375 0.24104154531250002 0.277817246875 0.0381428765625 0.2571588109375 0.042912251562499996
10 1 0.44303219687500006 0.9068901046875 0.0397289328125 0.880042684375 0.776531571875 0.9866106468750001 0.900809134375 1 0.8977179578125 1 0.44303219687500006
2 0.509375 0.06171875 0.0640625 0.115625
2 0.59140625 0.03984375 0.0578125 0.0796875
2 0.64375 0.03125 0.059375 0.0625
2 0.71171875 0.03515625 0.0609375 0.0703125
2 0.83046875 0.04140625 0.0671875 0.0828125