4 1 0.37153967187500003 0.9036432375000001 0.2895910625 0.79302815625 0.209507803125 0.8650245734374999 0.2134021671875 0.8594922671875 0.184221178125 0.7576769140625 0.192535896875 0.7513241328125 0.2135217484375 0.8950202671874999 0.3222560203125 0.9895432375000001 0.40325142031250005 1 0.3785162625 1 0.37153967187500003
5 0.5484375 0.5765625 0.1328125 0.1859375
0 0.671875 0.771875 0.125 0.196875
6 0.4890625 0.39921875 0.078125 0.1125
3 0.509375 0.3203125 0.0546875 0.0625
1 0.43828125 0.27734375 0.0421875 0.0734375
8 0.5502918953125 0.20676606875 0.5326863281249999 0.2154642796875 0.5291619140625 0.2511403609375 0.8143094546875 0.7550217171875 0.8631417203125 0.6675506578125 0.5502918953125 0.20676606875
10 0.4828328078125 0 0.45095305 0.1914834953125 0.4714079625 0.250001265625 0.5949668609375001 0.2517979734375 0.6407092828125001 0.0223218046875 0.5402334734375 0 0.4828328078125 0
10 0.4611147640625 0 0.434043525 0.14981539375 0.4461931484375 0.192578328125 0.48255804375 0 0.4611147640625 0
10 1 0.3653629 0.7347107453125 0.9072014484375 0.7623982578125 1 0.9121681921875 1 1 0.5481445218750001 1 0.3653629
2 0.68671875 0.103125 0.0609375 0.1140625
2 0.775 0.10703125 0.0546875 0.1
2 0.82890625 0.11328125 0.05625 0.096875
2 0.88984375 0.14453125 0.0578125 0.10625
2 0.98125 0.20234375 0.0375 0.1140625