4 0.7240241968750001 0.093558840625 0.7075297609375 0.0688592421875 0.6170570546875 0.116295409375 0.6194091140625 0.1380952171875 0.79416796875 0.1820390890625 0.91282424375 0.21966268125 0.912776796875 0.1872367609375 0.7893422375 0.1486015734375 0.656229496875 0.1181053 0.7240241968750001 0.093558840625
5 0.57421875 0.5515625 0.1359375 0.1875
0 0.7640625 0.68359375 0.128125 0.196875
6 0.45078125 0.41171875 0.0796875 0.1140625
3 0.43828125 0.33125 0.05625 0.0640625
1 0.35625 0.31875 0.04375 0.0734375
8 0.431718309375 0.21042613437500002 0.41891095937499995 0.22531192187500002 0.4296064765625 0.2595290265625 0.8889683015625 0.611938240625 0.8997409734374999 0.5123404203125 0.431718309375 0.21042613437500002
10 0.44287983750000004 0.00531540625 0.2859116046875 0.0343355953125 0.3343050421875 0.23517322968749999 0.375998603125 0.28104675 0.49043719843750005 0.23442232187499998 0.44287983750000004 0.00531540625
10 0.265173078125 0.038743706249999996 0.3024587171875 0.2034246171875 0.33035131406249996 0.2380408703125 0.2859116046875 0.0343355953125 0.265173078125 0.038743706249999996
10 1 0.44744788281250003 0.914860971875 0.0469002453125 0.8751586609374999 0.783122115625 0.9795414499999999 0.909240615625 1 0.9048920171875 1 0.44744788281250003
2 0.5171875 0.06171875 0.0625 0.1140625
2 0.6 0.040625 0.05625 0.08125
2 0.65078125 0.03203125 0.0578125 0.0640625
2 0.7203125 0.03671875 0.059375 0.0734375
2 0.8390625 0.04453125 0.065625 0.0890625