1 0.2984375 0.4984375 0.0953125 0.1375
3 0.4609375 0.5078125 0.09375 0.1296875
6 0.5421875 0.65625 0.0921875 0.1609375
5 0.778125 0.8328125 0.1625 0.2234375
0 0.9171875 0.83515625 0.0453125 0.10625
8 0.3638167171875 0.354230646875 0.4984245515625 0.433435215625 0.714433753125 0.5670432421875 0.95732065625 0.725107728125 0.9808060875000001 0.6374589046875 0.8610036140625 0.5593456546875 0.38813832187499997 0.2936463671875 0.3737867375 0.308972653125 0.3638167171875 0.354230646875
10 0.31328125 0.215625 0.4203125 0.43125
10 0.1240746125 0 0.09651304375 0.24905622656249998 0.1811232625 0.31965691875 0.20149592656249998 0 0.1240746125 0
4 0.74921875 0.23671875 0.4578125 0.2515625
2 0.503125 0.05546875 0.05625 0.0953125
2 0.54375 0.0515625 0.0546875 0.0875
2 0.603125 0.06640625 0.0515625 0.0859375
2 0.7 0.096875 0.0546875 0.0921875
2 0.82265625 0.1375 0.0578125 0.0921875
2 0.91640625 0.178125 0.06875 0.1
2 0.99140625 0.23828125 0.0171875 0.0984375