1 0.30078125 0.53359375 0.0765625 0.1296875
3 0.4625 0.51484375 0.0765625 0.121875
6 0.56875 0.64609375 0.06875 0.15625
5 0.83125 0.77890625 0.13125 0.209375
0 0.96953125 0.7578125 0.028125 0.10625
8 0.340573065625 0.3800931890625 0.48688963281250003 0.4347200578125 0.7228179578125 0.5287886734375 0.9894624750000001 0.6422749375000001 0.9973710515624999 0.55187949375 0.8658244234374999 0.495756440625 0.35400481875 0.31620591875000004 0.34253265 0.333791490625 0.340573065625 0.3800931890625
10 0.25859375 0.22421875 0.3515625 0.4484375
10 0.0590669875 0.3229334015625 0.15465146875 0.37776909999999997 0.1148342859375 0.020160217187500003 0.040223643749999996 0.0303629609375 0.0590669875 0.3229334015625
4 0.7 0.19765625 0.4453125 0.18125
2 0.42578125 0.06171875 0.040625 0.0921875
2 0.465625 0.05078125 0.0421875 0.084375
2 0.5265625 0.05546875 0.0390625 0.0828125
2 0.62734375 0.06796875 0.040625 0.0890625
2 0.7546875 0.08671875 0.0453125 0.0890625
2 0.85390625 0.1109375 0.053125 0.09375
2 0.965625 0.1515625 0.05625 0.0921875