1 0.2984375 0.50546875 0.0921875 0.1359375
3 0.4609375 0.509375 0.090625 0.128125
6 0.54765625 0.6546875 0.0875 0.159375
5 0.78984375 0.82265625 0.15625 0.2203125
0 0.92890625 0.8203125 0.0421875 0.10625
8 0.35881240000000003 0.35907217343750003 0.496102434375 0.433530746875 0.7166429 0.5595187703125 0.964898215625 0.7090103390625 0.9853104406250001 0.6205952765625 0.862854834375 0.5467106578125 0.3810048265625 0.2976759890625 0.36719686406249996 0.3134938015625 0.35881240000000003 0.35907217343750003
10 0.30234375 0.21640625 0.4078125 0.4328125
10 0.1078667453125 0 0.088001025 0.2632905875 0.17502363125 0.3308954171875 0.1845362625 0 0.1078667453125 0
4 0.73984375 0.228125 0.45625 0.2375
2 0.4875 0.05546875 0.053125 0.0953125
2 0.528125 0.05 0.053125 0.0875
2 0.58828125 0.06328125 0.05 0.084375
2 0.6859375 0.08984375 0.0515625 0.090625
2 0.81015625 0.1265625 0.05625 0.0921875
2 0.9046875 0.1640625 0.065625 0.0984375
2 0.9875 0.21953125 0.025 0.0984375