2 0.72265625 0.0765625 0.05 0.096875
2 0.84921875 0.10390625 0.0515625 0.1
2 0.94921875 0.1390625 0.0546875 0.103125
2 0.6265625 0.05703125 0.046875 0.0828125
2 0.5734375 0.04765625 0.04375 0.0796875
5 0.8328125 0.56171875 0.1078125 0.1640625
6 0.64453125 0.453125 0.0515625 0.1109375
3 0.5703125 0.37265625 0.0578125 0.090625
1 0.45703125 0.36328125 0.0578125 0.103125
0 0.971875 0.60703125 0.0515625 0.1375
10 0.3337170234375 0 0.3345149953125 0.25462105 0.43545450468749997 0.317196278125 0.5281366296875001 0.24369340312499999 0.543688984375 0.0019123718750000001 0.5218304734375 0 0.3337170234375 0
10 0.246898484375 0 0.260277875 0.22050358281250002 0.3306615984375 0.2602554953125 0.333102878125 0 0.246898484375 0
10 1 0.4679183453125 0.8935760984375 0.40703983906249996 0.634386825 0.29678063125 0.47751966562500003 0.23329341874999998 0.4758426453125 0.2908719125 0.998615828125 0.537651628125 1 0.5218304734375 1 0.4679183453125
4 0.9513492609374999 0.2588239390625 0.8154304359375001 0.19915999375 0.6660737921875 0.1522540609375 0.6130607234375 0.14363496874999998 0.6471993625 0.1247259421875 0.6450742203125001 0.11060634375 0.634130646875 0.1076583796875 0.590234759375 0.13566638125 0.587746290625 0.1655017046875 0.6575775578124999 0.18534965625 0.8059953875 0.2301829265625 0.973633296875 0.298593509375 0.9814382281249999 0.27339953125 0.9526806296875 0.20519625625 0.9415642296875 0.20422369687500003 0.9388971609375 0.2219050796875 0.9513492609374999 0.2588239390625