2 0.61328125 0.0421875 0.0546875 0.084375
2 0.74296875 0.04140625 0.0578125 0.0828125
2 0.8484375 0.046875 0.0625 0.09375
2 0.51484375 0.040625 0.0515625 0.08125
2 0.46171875 0.04296875 0.0484375 0.0828125
5 0.8375 0.4796875 0.1171875 0.16875
6 0.62890625 0.41953125 0.0578125 0.1125
3 0.53671875 0.359375 0.0625 0.09375
1 0.425 0.37734375 0.065625 0.10625
0 0.9765625 0.48984375 0.046875 0.1390625
10 0.42189293125000005 0.00613838125 0.21366273750000003 0.039118804687499995 0.2800680671875 0.3019443 0.3931475578125 0.3382412984375 0.4652946734375 0.24449993750000001 0.42189293125000005 0.00613838125
10 0.19978234374999998 0.2867998515625 0.277692228125 0.3083435984375 0.21425378125 0.0433407703125 0.12687389843750002 0.0551727171875 0.19978234374999998 0.2867998515625
10 0.42596755937499997 0.3029281046875 0.9929135609375 0.4159071265625 0.9823667015625 0.34931688125 0.8593961078125 0.31458647812499996 0.581231746875 0.270306 0.413665265625 0.246654228125 0.42596755937499997 0.3029281046875
4 0.8795964890624999 0.15679662968750002 0.73328101875 0.1317866984375 0.5770133328125 0.12240671562500001 0.5234898328125 0.12686866875 0.5520399015625 0.10026243593749999 0.5465620453125 0.08707636875 0.535230365625 0.0868634625 0.499414121875 0.1246588828125 0.5042173890625 0.154209984375 0.5767760234375 0.1565746546875 0.7316313578125 0.1641706625 0.9108397234375 0.1899938765625 0.912317840625 0.163660084375 0.8679146 0.10443983125 0.8568931203125001 0.1061854609375 0.8585827890625 0.12398685312499999 0.8795964890624999 0.15679662968750002