8 0.248559065625 0.237966171875 0.261628078125 0.28149563125 0.614368096875 0.18332938906250001 0.598880296875 0.1442741703125 0.248559065625 0.237966171875
2 0.24375 0.0953125 0.0515625 0.0875
2 0.32265625 0.0703125 0.05625 0.0859375
2 0.41640625 0.03984375 0.0421875 0.071875
2 0.48515625 0.03125 0.0453125 0.0625
10 0.5675274828125 0 0.5872786375 0.14328955625 0.6313085375 0.20976049375 0.7577424781250001 0.1864115953125 0.7418728390625 0 0.5675274828125 0
10 0.7420731359375 0 0.7588252171875001 0.18614163749999998 0.8823673546874999 0.1696447109375 0.8627364015625 0 0.7420731359375 0
10 0 0.2876878515625 0.0395161703125 0.3777474578125 0.137455946875 0.336979084375 0.043323117187499996 0.10703576875000001 0 0.1366796296875 0 0.2876878515625
10 0.2080744078125 0.057478409375 0.045488595312500005 0.1064958546875 0.137820540625 0.3289673046875 0.24537349531250002 0.3039412515625 0.2690011140625 0.232653253125 0.2080744078125 0.057478409375
4 0.273892715625 0.1231199046875 0.2615991890625 0.15683985625000002 0.2671265359375 0.1740356 0.542618296875 0.10312316562499999 0.5372180859375 0.0860766921875 0.508723925 0.06865721875 0.49608746562499995 0.0779388078125 0.520976990625 0.0901260515625 0.2812118046875 0.14786257187500002 0.2886811671875 0.13169466093749999 0.273892715625 0.1231199046875
1 0.29140625 0.30390625 0.0609375 0.075
3 0.3609375 0.26015625 0.05625 0.06875
6 0.42890625 0.26171875 0.04375 0.065625
5 0.534375 0.2328125 0.059375 0.078125
0 0.6046875 0.2046875 0.0546875 0.06875