8 0.3888744546875 0.1542611046875 0.381538746875 0.19911420156249998 0.7416126234375 0.26551401406249997 0.7448129625 0.2236220109375 0.3888744546875 0.1542611046875
2 0.446875 0.03359375 0.05 0.0671875
2 0.528125 0.0390625 0.053125 0.078125
2 0.6265625 0.05 0.040625 0.071875
2 0.69609375 0.0671875 0.04375 0.0765625
10 0.9603666593750001 0.09509583125 0.7895585390625001 0.050680442187499994 0.7348170875 0.2176512125 0.7452519578125 0.296696334375 0.8691255140624999 0.3311354734375 0.9603666593750001 0.09509583125
10 1 0.11435180781250001 0.9609260109375001 0.0932935953125 0.870217015625 0.3313674796875 0.9884877281250001 0.37069744843749997 1 0.3380051296875 1 0.11435180781250001
10 0.1473033109375 0 0.1397118625 0.18825731875 0.24561122812499997 0.19454891875 0.25831858125 0 0.1473033109375 0
10 0.26078868593750004 0 0.24945105625 0.18750780625000002 0.3570897125 0.2121626515625 0.4095766765625 0.1584470890625 0.428532234375 0 0.26078868593750004 0
4 0.461989478125 0.0621435046875 0.4361582765625 0.08706166875 0.43358810468750003 0.1049401296875 0.7122844234375 0.1619720953125 0.7149034296875 0.1442835296875 0.6969292406250001 0.11613599375000001 0.6815028859375001 0.11893877187499999 0.6985309078124999 0.14080344375 0.4577213609375 0.08759054375 0.471522325 0.076333275 0.461989478125 0.0621435046875
1 0.3984375 0.2328125 0.059375 0.0734375
3 0.48046875 0.2234375 0.0546875 0.06875
6 0.53984375 0.2546875 0.0421875 0.065625
5 0.64765625 0.275 0.0578125 0.0765625
0 0.7234375 0.28046875 0.053125 0.06875