8 0.3031771546875 0.1948032796875 0.307700240625 0.240026665625 0.6726904328125001 0.21096998125000002 0.6649392765625 0.16967710625000001 0.3031771546875 0.1948032796875
2 0.32578125 0.05390625 0.0375 0.0828125
2 0.4078125 0.04375 0.0421875 0.08125
2 0.50546875 0.03359375 0.0296875 0.0671875
2 0.57734375 0.03359375 0.0328125 0.0671875
10 0.66290664375 0 0.6537386453125 0.1664968796875 0.6842763390625 0.24014786093749999 0.8128425109374999 0.2413526796875 0.8387805984375 0 0.66290664375 0
10 0.8387110640625 0 0.8139568687500001 0.2412942796875 0.93837695 0.24867339843749997 0.9563223765625001 0.0154093671875 0.8912459421875001 0 0.8387110640625 0
10 0.021834809375 0.0724551640625 0.071303440625 0.29212912343749997 0.175222759375 0.27079757187500003 0.1266946671875 0.0271175703125 0.021834809375 0.0724551640625
10 0.29787500312500004 0.0099067484375 0.12892338125 0.027000768749999998 0.1771093734375 0.26300255781250004 0.287461475 0.258958375 0.324257378125 0.1934885015625 0.29787500312500004 0.0099067484375
4 0.34995905625 0.08690095 0.331457325 0.11765565625 0.3336020171875 0.13559013125 0.6175629484375 0.11854686562500001 0.615514575 0.100783175 0.5908677250000001 0.0782468046875 0.576692421875 0.0849467140625 0.5987992203125 0.1016591890625 0.3524225484375 0.112585571875 0.36283966093750003 0.098139934375 0.34995905625 0.08690095
1 0.3328125 0.26796875 0.05 0.0671875
3 0.409375 0.23828125 0.0453125 0.0625
6 0.475 0.25234375 0.0328125 0.0625
5 0.584375 0.24453125 0.046875 0.071875
0 0.65859375 0.23046875 0.0453125 0.0625