1 0.375 0.1671875 0.025 0.059375
6 0.48828125 0.209375 0.0375 0.071875
5 0.6140625 0.26796875 0.078125 0.1015625
3 0.46171875 0.171875 0.040625 0.059375
0 0.76640625 0.31484375 0.04375 0.10625
10 0.3161057703125 0 0.3278245203125 0.127670940625 0.3777043265625 0.15651709375 0.4792668265625 0.11912393125000001 0.47265625 0 0.3161057703125 0
10 0.2800480765625 0.10576923125 0.326322115625 0.128205128125 0.317908653125 0.0010683765625 0.26953125 0 0.2800480765625 0.10576923125
8 0.8479166671874999 0.3018518515625 0.8567708328125001 0.24351851875000002 0.8546875 0.22685185156249998 0.5317708328124999 0.12407407343750002 0.43333333281249997 0.097222221875 0.42604166718750003 0.10740740625 0.42760416718750005 0.140740740625 0.8479166671874999 0.3018518515625
10 0.8947916671874999 0 0.834375 0.36296296250000004 1 0.47592592656250005 1 0 0.8947916671874999 0
4 0.8786458328125001 0.1416666671875 0.8802083328125001 0.11388888906250001 0.6177083328124999 0.05648148125 0.6609375 0.051851851562499995 0.6598958328125 0.034259259375000004 0.5802083328125 0.05 0.5822916671875 0.06944444375 0.8786458328125001 0.1416666671875
2 0.490625 0.025 0.034375 0.05
2 0.5578125 0.0171875 0.034375 0.034375
2 0.603125 0.0140625 0.03125 0.028125
2 0.65625 0.01640625 0.03125 0.0328125
2 0.7515625 0.02265625 0.034375 0.0453125
2 0.88125 0.034375 0.028125 0.06875