1 0.36953125 0.16953125 0.0265625 0.059375
6 0.48359375 0.209375 0.0375 0.071875
5 0.61015625 0.265625 0.0796875 0.103125
3 0.45625 0.17265625 0.0421875 0.059375
0 0.76328125 0.31015625 0.0453125 0.10625
10 0.4639342109375 0.0005533671875 0.307407575 0.0032855500000000004 0.3213527046875 0.13073252500000002 0.37172835000000004 0.1587037609375 0.47262277968750005 0.11954378437499999 0.4639342109375 0.0005533671875
10 0.2732013 0.109667965625 0.319859853125 0.13129285156249998 0.3092288296875 0.0043222984375 0.2608401484375 0.0040983859375 0.2732013 0.109667965625
8 0.844405515625 0.295810046875 0.8522402765624999 0.237331071875 0.8498663875 0.220703303125 0.52520518125 0.1235768515625 0.42631404531249995 0.0984470609375 0.41920124531249997 0.10875795156250001 0.42134525468749995 0.1420589390625 0.844405515625 0.295810046875
10 0.8849930109375 0 0.831932446875 0.3571481859375 0.999503696875 0.46720339062500005 0.99134863125 0 0.8849930109375 0
4 0.872334384375 0.1351129625 0.8734118578125001 0.1073121453125 0.6099499390625 0.0544947375 0.653091725 0.049111359375000004 0.6517431828125 0.0315396265625 0.5723425343749999 0.048668709375 0.574764903125 0.06807383125000001 0.872334384375 0.1351129625
2 0.48203125 0.025 0.0359375 0.05
2 0.5484375 0.01640625 0.034375 0.0328125
2 0.59375 0.01328125 0.03125 0.0265625
2 0.646875 0.01484375 0.03125 0.0296875
2 0.7421875 0.0203125 0.034375 0.040625
2 0.87265625 0.03125 0.0296875 0.0625