1 0.33515625 0.18515625 0.0328125 0.0609375
6 0.453125 0.21328125 0.0453125 0.0765625
5 0.58515625 0.25546875 0.090625 0.1109375
3 0.421875 0.17890625 0.046875 0.0625
0 0.7421875 0.28359375 0.05625 0.1109375
10 0.41192539375 0.0070592890625 0.25654181875000004 0.026137993749999998 0.2837323921875 0.1514291375 0.3367558640625 0.17398145625 0.4330042515625 0.1244896625 0.41192539375 0.0070592890625
10 0.23364292031249997 0.1355131640625 0.28230628750000003 0.15214244062499999 0.258461465625 0.026978690625000003 0.21031445781250002 0.031813999999999995 0.23364292031249997 0.1355131640625
8 0.8211751640625 0.2609284421875 0.8228542875 0.20195086562500003 0.8187553281250001 0.1856623234375 0.485720171875 0.123004278125 0.3847439921875 0.1083490890625 0.37874793906250004 0.1193469859375 0.3843611046875 0.15224143750000002 0.8211751640625 0.2609284421875
10 0.82901478125 0 0.81518200625 0.3232343546875 0.993339184375 0.4151707 0.9423626328125 0 0.82901478125 0
4 0.832153615625 0.0981923109375 0.830319209375 0.0704311625 0.5627796421875 0.045442364062500004 0.605122375 0.035578932812500005 0.601944475 0.018244420312500002 0.5247692671874999 0.0435792953125 0.5292067546875 0.06262490781249999 0.832153615625 0.0981923109375
2 0.4328125 0.0296875 0.040625 0.0546875
2 0.4984375 0.01640625 0.0375 0.0328125
2 0.5421875 0.01015625 0.034375 0.0203125
2 0.5953125 0.009375 0.034375 0.01875
2 0.69140625 0.009375 0.0390625 0.01875
2 0.82109375 0.01328125 0.0359375 0.0265625