0 0.76796875 0.6390625 0.1 0.2671875
5 0.4984375 0.52578125 0.1484375 0.24375
6 0.3265625 0.37109375 0.0875 0.134375
1 0.184375 0.275 0.0421875 0.1046875
3 0.31328125 0.27265625 0.078125 0.0828125
2 0.96875 0.0828125 0.053125 0.1078125
2 0.853125 0.0515625 0.05 0.08125
2 0.41015625 0.04140625 0.0484375 0.0828125
10 0.13515625 0.0984375 0.0734375 0.196875
8 0.910333071875 0.5500652015624999 0.932695203125 0.48533000312499996 0.927595490625 0.43948918125 0.3044473171875 0.1516932890625 0.2937855875 0.1691890015625 0.29483920625 0.20297651249999998 0.910333071875 0.5500652015624999
10 0.17665542343750001 0 0.1669846484375 0.186599715625 0.22011544375 0.23213248437499998 0.29365457031250003 0.20492048125 0.29270481875 0.168158590625 0.3066781 0.1517711890625 0.35283209531250004 0.1732362875 0.368516821875 0.1717986734375 0.3571832875 0 0.17665542343750001 0