0 0.75234375 0.66640625 0.1265625 0.2734375
5 0.4953125 0.52578125 0.171875 0.2546875
6 0.340625 0.35390625 0.1015625 0.1421875
1 0.209375 0.24296875 0.053125 0.1078125
3 0.33828125 0.2546875 0.0859375 0.0890625
2 0.9890625 0.13359375 0.021875 0.1109375
2 0.8984375 0.09140625 0.0578125 0.0859375
2 0.45859375 0.0390625 0.0578125 0.078125
10 0.1796875 0.08203125 0.09375 0.1640625
8 0.9028519859375 0.592682425 0.9318582859375001 0.5306393328125 0.9315781812499999 0.484516565625 0.341926540625 0.133160528125 0.3294944171875 0.1494459421875 0.32701050625 0.1831584953125 0.9028519859375 0.592682425
10 0.2257900640625 0 0.20156819062500003 0.153506971875 0.249648459375 0.2043439875 0.3256291609375 0.18496798750000001 0.32852727656249997 0.14830820625000002 0.344136959375 0.13347118125 0.38779440468750004 0.1596430984375 0.40354347968750004 0.159852859375 0.40975614531250004 0 0.2257900640625 0