0 0.7578125 0.6578125 0.11875 0.271875
5 0.496875 0.52578125 0.1640625 0.2515625
6 0.3359375 0.359375 0.096875 0.1390625
1 0.20078125 0.253125 0.05 0.10625
3 0.3296875 0.2609375 0.0828125 0.0875
2 0.98359375 0.115625 0.0328125 0.109375
2 0.88359375 0.07734375 0.05625 0.084375
2 0.44296875 0.0390625 0.0546875 0.078125
10 0.165625 0.0875 0.0875 0.175
8 0.9058411484375 0.578566634375 0.9326645078125001 0.51554903125 0.9307749109375001 0.46946413593749997 0.329220321875 0.13890068125 0.3173641234375 0.15561005 0.316058278125 0.189388753125 0.9058411484375 0.578566634375
10 0.209713965625 0 0.18965755625 0.164133165625 0.23948272187500003 0.2132612359375 0.3147409234375 0.19124535 0.3163578671875 0.154506759375 0.3314402359375 0.139134003125 0.375984471875 0.1637663546875 0.391731275 0.163426353125 0.39237497499999996 0 0.209713965625 0