5 0.30625 0.32109375 0.1515625 0.20625
3 0.2171875 0.23828125 0.109375 0.121875
6 0.3859375 0.20546875 0.0921875 0.084375
1 0.375 0.128125 0.0734375 0.065625
5 0.44375 0.13671875 0.046875 0.06875
3 0.628125 0.33359375 0.059375 0.1
6 0.628125 0.25078125 0.046875 0.0671875
1 0.52109375 0.2046875 0.084375 0.1
3 0.4875 0.31171875 0.1234375 0.15
0 0.74140625 0.43046875 0.125 0.159375
1 0.75625 0.3234375 0.0671875 0.0765625
5 0.81953125 0.69609375 0.1921875 0.2515625
6 0.08515625 0.3 0.1125 0.1453125
0 0.96015625 0.51875 0.0796875 0.103125
4 1 0.4019842515625 0.9677300796875 0.3775731015625 0.829225475 0.2872151203125 0.5859306359375 0.152121696875 0.49124493124999996 0.1056113734375 0.38772081875 0.0654858359375 0.309408671875 0.0760199875 0.21636584375 0.0971954484375 0.07306663125 0.14878281875 0.056852465625 0.21058493281250001 0.1652898265625 0.16318819843750001 0.2650608578125 0.1279447796875 0.3296421828125 0.111124334375 0.3615497484375 0.096177259375 0.38479098437500003 0.0933835015625 0.4486305671875 0.102143459375 0.4603535234375 0.129400253125 0.5376821140625 0.16156310625 0.594223828125 0.21573995781250002 0.637260234375 0.22074450781250002 0.6470450624999999 0.24608666562499998 0.6563136609375 0.2541232171875 0.7278360187499999 0.29342686093750003 0.7687703703125 0.303632940625 0.789339884375 0.337389653125 0.9059391140624999 0.41226615781250003 0.9724993203125001 0.461783859375 1 0.49259472187500003 1 0.4019842515625