10 0.41328125 0.3125 0.0828125 0.15625
10 0.49765625 0.3234375 0.1328125 0.171875
2 0.2234375 0.334375 0.071875 0.115625
2 0.325 0.33046875 0.0625 0.0984375
2 0.04296875 0.35078125 0.0703125 0.1421875
11 0.61015625 0.35390625 0.0921875 0.046875
10 0.8828125 0.39765625 0.1703125 0.2546875
10 0.9671875 0.41875 0.065625 0.265625
3 0.2078125 0.5015625 0.0640625 0.08125
6 0.29765625 0.46328125 0.04375 0.0546875
0 0.3578125 0.4828125 0.034375 0.065625
0 0.28515625 0.49765625 0.0390625 0.0453125
0 0.28984375 0.55546875 0.0671875 0.0953125
5 0.31171875 0.61328125 0.0578125 0.10625
3 0.38125 0.528125 0.040625 0.0765625
1 0.421875 0.57265625 0.046875 0.08125
3 0.47890625 0.534375 0.0625 0.0875
5 0.58203125 0.575 0.0703125 0.096875
5 0.43515625 0.6484375 0.0953125 0.1421875
6 0.575 0.65234375 0.05 0.0953125
1 0.7515625 0.6578125 0.090625 0.128125
6 0.67109375 0.725 0.090625 0.1484375
1 0.62734375 0.8671875 0.1765625 0.2265625
4 0.93464336875 1 0.9540140156250001 0.8621706921875001 0.908979340625 0.6215562718750001 0.33158703906250003 0.416256753125 0.032114396875 0.49475247031249997 0.02800061875 0.523774478125 0.040157042187500006 0.5334927015625001 0.321921809375 0.45294589687500003 0.88163985 0.6877992765625 0.9079642484375 1 0.93464336875 1
8 0.5170115156249999 0.396599346875 0.7998411828124999 0.47605826875 0.8064656781249999 0.4369405265625 0.5216414046875 0.37087939531249997 0.5170115156249999 0.396599346875