10 0.35703125 0.35078125 0.0890625 0.1578125
10 0.440625 0.334375 0.140625 0.1765625
2 0.184375 0.4328125 0.078125 0.1171875
2 0.2796875 0.39609375 0.0671875 0.1015625
2 0.02890625 0.5078125 0.0578125 0.14375
11 0.55703125 0.32578125 0.09375 0.0515625
10 0.82890625 0.27890625 0.18125 0.259375
10 0.93203125 0.265625 0.1109375 0.2671875
3 0.22421875 0.596875 0.06875 0.084375
6 0.296875 0.53046875 0.046875 0.05625
0 0.36015625 0.5296875 0.0375 0.0671875
0 0.29609375 0.5671875 0.040625 0.046875
0 0.31953125 0.62109375 0.0703125 0.0984375
5 0.359375 0.66796875 0.0625 0.1078125
3 0.39765625 0.565625 0.0453125 0.0765625
1 0.45 0.59375 0.05 0.0828125
3 0.490625 0.5390625 0.065625 0.0890625
5 0.6015625 0.54375 0.0734375 0.0984375
5 0.48671875 0.66171875 0.1015625 0.14375
6 0.6203125 0.61953125 0.0546875 0.096875
1 0.7890625 0.5671875 0.096875 0.13125
6 0.73515625 0.65703125 0.096875 0.1515625
1 0.73984375 0.80625 0.1859375 0.2328125
4 1 0.6115611265625 0.926272415625 0.4817830640625 0.31349828281250003 0.47564910156250007 0.0558970421875 0.647367015625 0.061456029687500004 0.676147178125 0.0761140984375 0.6813781953125 0.3163044453125 0.513486059375 0.9219890296875001 0.553317921875 1 0.7300277875 1 0.6115611265625
8 0.4824207453125 0.396694353125 0.77571074375 0.3797439078125 0.7692388343750001 0.3406006328125 0.4784247921875 0.37086831875000004 0.4824207453125 0.396694353125