10 0.38203125 0.33046875 0.0671875 0.15
10 0.4671875 0.3265625 0.1171875 0.1625
2 0.19921875 0.384375 0.0609375 0.1109375
2 0.2984375 0.36328125 0.053125 0.0953125
2 0.0265625 0.43125 0.053125 0.1375
11 0.58359375 0.33671875 0.0890625 0.0375
10 0.859375 0.3328125 0.146875 0.2421875
10 0.96328125 0.3359375 0.071875 0.2609375
3 0.2125 0.55234375 0.0578125 0.0765625
6 0.29453125 0.4984375 0.0390625 0.05
0 0.35703125 0.50703125 0.028125 0.0640625
0 0.2875 0.53515625 0.034375 0.0421875
0 0.303125 0.59140625 0.0578125 0.090625
5 0.334375 0.64453125 0.0484375 0.1015625
3 0.38828125 0.5484375 0.034375 0.0734375
1 0.4359375 0.58515625 0.0390625 0.078125
3 0.48515625 0.5375 0.0546875 0.0828125
5 0.59375 0.559375 0.0609375 0.090625
5 0.46171875 0.6578125 0.0828125 0.134375
6 0.6 0.6375 0.040625 0.0921875
1 0.775 0.61171875 0.0796875 0.121875
6 0.7078125 0.6921875 0.0765625 0.14375
1 0.6890625 0.83984375 0.15625 0.2125
4 1 0.7512087234375 0.9238740515625 0.5486910421875 0.3196037484375 0.44677360468750005 0.03831140625 0.576079675 0.03929974375 0.6053751218750001 0.05295903749999999 0.6128347640625 0.31645635781250003 0.48458370781250004 0.908452884375 0.6186751187499999 1 0.9646849890625001 1 0.7512087234375
8 0.4987977375 0.395216215625 0.7911284843749999 0.424355121875 0.7908596125 0.3846813359375 0.49889106562499996 0.3690830375 0.4987977375 0.395216215625