5 0.29140625 0.3390625 0.1375 0.2
3 0.19609375 0.26328125 0.103125 0.115625
6 0.36015625 0.2171875 0.0875 0.0796875
1 0.34296875 0.140625 0.0703125 0.0609375
5 0.4125 0.14296875 0.0421875 0.0671875
3 0.61328125 0.3234375 0.053125 0.0984375
6 0.60625 0.240625 0.0421875 0.0640625
1 0.4953125 0.20390625 0.078125 0.0953125
3 0.47109375 0.31328125 0.1125 0.14375
0 0.734375 0.409375 0.115625 0.153125
1 0.73984375 0.3015625 0.0625 0.0734375
5 0.8359375 0.66796875 0.1765625 0.24375
6 0.06953125 0.33671875 0.1015625 0.140625
0 0.96171875 0.47734375 0.0765625 0.0984375
4 1 0.3681911703125 0.991254353125 0.359845803125 0.9552800187500001 0.33727361093749997 0.8094272484375 0.2593309390625 0.5552840515625 0.14595613125 0.45690501250000004 0.1078751953125 0.3502776703125 0.07692506875 0.2731816359375 0.0942444890625 0.182338428125 0.12344858750000001 0.044080646875000004 0.1873290015625 0.033314590625 0.250309096875 0.13720841718750001 0.19364178125 0.2335281234375 0.1498368578125 0.29639769843749997 0.1274517859375 0.32688112343750003 0.10978066093750001 0.3497904265625 0.104971928125 0.41415056093749997 0.1081345640625 0.42820449375 0.134265915625 0.5080420046875 0.15956674843750002 0.5690903828125 0.20860950625000002 0.612399196875 0.209844140625 0.6243555062499999 0.23423706093750002 0.6342892671875 0.24143521875 0.7089649984374999 0.274355715625 0.7506331 0.28095529531249996 0.7740664328125 0.3127908015625 0.896747884375 0.3772200859375 0.9673705609375001 0.4207482546875 0.99972638125 0.451184540625 1 0.451227878125 1 0.3681911703125