5 0.44375 0.59296875 0.16875 0.25625
6 0.5296875 0.4484375 0.115625 0.2046875
0 0.72734375 0.34765625 0.1234375 0.1765625
1 0.7421875 0.22421875 0.09375 0.1203125
6 0.74375 0.12734375 0.09375 0.103125
2 0.01796875 0.09609375 0.0359375 0.0703125
10 0.0828125 0.46484375 0.165625 0.8140625
10 0.72109375 0.06796875 0.2546875 0.1359375
10 0.8286461890625001 0 0.8308662390625001 0.0699661484375 0.8672299593749999 0.0368047953125 0.8672424140625001 0 0.8286461890625001 0
8 0.06067486875 0.49144303906250003 0.07369414375 0.53542955 0.112370009375 0.60853615625 0.1113390984375 0.6012008375 0.644285225 0.134524446875 0.685161653125 0.10353395000000001 0.6818133515625 0.053513143750000006 0.665954746875 0.0417165421875 0.4593816015625 0.1848216203125 0.3005183828125 0.3006509421875 0.14010725156249998 0.4241780140625 0.06067486875 0.49144303906250003
4 0 0.24224271874999997 0.40833417812499995 0.0311714765625 0.40668373750000003 0.008200959375 0.36232798125 0.0144347546875 0.150577646875 0.10573284062499999 0.0591550484375 0.15878754687500002 0.0145397109375 0.1856283859375 0 0.1974103109375 0 0.24224271874999997