4 0.6189436359375 0.3288051328125 0.6234344562499999 0.30138675312499996 0.3904624609375 0.2667878640625 0.42326674375 0.2468416234375 0.42052809375000005 0.2325204671875 0.36152475 0.25524339375 0.3570830171875 0.28294905625 0.6189436359375 0.3288051328125
5 0.20234375 0.42265625 0.065625 0.084375
6 0.25 0.425 0.05625 0.071875
0 0.2984375 0.4765625 0.0671875 0.0921875
1 0.3984375 0.4828125 0.0625 0.0953125
6 0.52890625 0.490625 0.065625 0.0953125
8 0.21737902656250002 0.3853848109375 0.5955228921875 0.4737697140625 0.603155303125 0.4207651296875 0.24027573906250002 0.33625228749999997 0.2311981140625 0.3374582953125 0.2164327390625 0.347309628125 0.21737902656250002 0.3853848109375
10 0.8563062390624999 0.236081253125 0.8156284046875 0.20111901875 0.6557559390625001 0.175495621875 0.6406727546875 0.19761774062499998 0.5868589625 0.5270569578125001 0.772451496875 0.5893923734375 0.8563062390624999 0.236081253125
10 1 0.2430733359375 0.9984174171875001 0.24154326250000002 0.8337320890625 0.20933539687499997 0.860253190625 0.24056156093749997 0.774908296875 0.5876961890625 0.9762194609374999 0.6528264859374999 0.9962730796875 0.560934640625 1 0.530581309375 1 0.2430733359375
10 0.182702003125 0.3931140578125 0.2783156578125 0.346916528125 0.2815386703125 0.1375388875 0.1839718984375 0.1355484015625 0.0884282625 0.154009084375 0.09862752500000001 0.3728018015625 0.182702003125 0.3931140578125
10 0.10180930625 0.36520110781250004 0.09111725000000001 0.150119225 0.0394441109375 0.14976808749999998 0.023784776562500002 0.27570723125 0.030289853125 0.3527704125 0.0831215640625 0.3708979078125 0.10180930625 0.36520110781250004
2 0.32734375 0.203125 0.0515625 0.090625
2 0.36953125 0.19921875 0.040625 0.084375
2 0.41875 0.1953125 0.04375 0.0734375
2 0.5 0.20625 0.040625 0.0859375
2 0.6 0.21796875 0.04375 0.084375