4 0.5671482609375 0.30265162343749996 0.563907584375 0.27505754531250004 0.3304237828125 0.30601474375 0.3564593546875 0.2777991015625 0.34987935000000003 0.26478759687500003 0.2994249828125 0.3028938 0.3027920296875 0.33075050156249997 0.5671482609375 0.30265162343749996
5 0.19296875 0.5078125 0.06875 0.0859375
6 0.2390625 0.496875 0.0578125 0.0734375
0 0.3 0.53359375 0.0703125 0.09375
1 0.39765625 0.51171875 0.065625 0.096875
6 0.525 0.48359375 0.0671875 0.096875
8 0.19673505625 0.46772570625 0.5845924499999999 0.448456153125 0.5773191515625 0.3954011 0.20520202968749998 0.41418530625 0.196808478125 0.4178467265625 0.185330484375 0.43138632499999996 0.19673505625 0.46772570625
10 0.7697576734375 0.1480937078125 0.7210187328125001 0.1256981828125 0.5602766890625 0.1451342171875 0.551875484375 0.1705568515625 0.5909521015625 0.5020672421875 0.7865370656249999 0.5108316546875 0.7697576734375 0.1480937078125
10 0.7884311609375 0.5085239921875 0.9998962140625001 0.5156423734375 0.9938441656249999 0.4217827359375 0.9485547125 0.13583638125 0.9078692390624999 0.1141729796875 0.7406858515625 0.1286062203125 0.77478666875 0.1513125296875 0.7884311609375 0.5085239921875
10 0.16553183124999998 0.48471381874999997 0.244707809375 0.41395120781249994 0.19009366875 0.21179611875 0.09575781562499999 0.23677578906250002 0.0090038328125 0.28085673125 0.0791154375 0.48836249218749994 0.16553183124999998 0.48471381874999997
10 0 0.46716433281249997 0.007903653125 0.4879435 0.0636853671875 0.490806375 0.080078928125 0.48017921875 0.0105164625 0.2763763734375 0 0.27931473125 0 0.46716433281249997
2 0.25234375 0.2625 0.0546875 0.0921875
2 0.29140625 0.246875 0.04375 0.084375
2 0.3375 0.2296875 0.046875 0.075
2 0.41875 0.21796875 0.04375 0.0859375
2 0.51796875 0.2015625 0.0453125 0.0859375