4 0.6003973140625 0.31730996093749997 0.60199753125 0.2895723625 0.3666852125 0.2795152140625 0.39722484062499996 0.2562492609375 0.393004225 0.2422928234375 0.3366993 0.2710588 0.33517792968750004 0.2990769765625 0.6003973140625 0.31730996093749997
5 0.19609375 0.45390625 0.0578125 0.078125
6 0.24375 0.4515625 0.0484375 0.06875
0 0.296875 0.49765625 0.0578125 0.0859375
1 0.396875 0.49375 0.053125 0.090625
6 0.52734375 0.48828125 0.05625 0.090625
8 0.20694670468749998 0.41555462031249996 0.5922577953125 0.4639285453125 0.5943079078125 0.41041652187500005 0.2245822390625 0.36429789375 0.2156804046875 0.36644616406249997 0.20202566093750002 0.3777869328125 0.20694670468749998 0.41555462031249996
10 0.8267673343749999 0.20028288437500003 0.7826577890624999 0.16976416875 0.620982746875 0.16099236249999999 0.60829458125 0.184569915625 0.5892113625000001 0.517829503125 0.7803030265625 0.5604237375000001 0.8267673343749999 0.20028288437500003
10 1 0.2153667875 0.9686709484374999 0.190860309375 0.8015211453125 0.17604318593749999 0.8311609859375 0.2043260796875 0.7825690671875 0.5584800390625 0.9895853984375 0.6022107984375 0.9999238484375 0.508726171875 1 0.5043634515625001 1 0.2153667875
10 0.173267571875 0.4268662609375 0.2635284875 0.370927459375 0.244847921875 0.1623599140625 0.1476075671875 0.1705788375 0.054516996875 0.19892541875 0.08753045312499999 0.41545345468750006 0.173267571875 0.4268662609375
10 0.089900315625 0.4075618125 0.056784653124999994 0.1947757953125 0.0053578796875 0.19982789375 0.0029485546875 0.3267139765625 0.0174732921875 0.40267503125 0.07191042343750001 0.41518080625 0.089900315625 0.4075618125
2 0.296875 0.22265625 0.0421875 0.0875
2 0.33828125 0.2140625 0.0328125 0.08125
2 0.3875 0.20546875 0.0375 0.0703125
2 0.46953125 0.2078125 0.0328125 0.0828125
2 0.5703125 0.209375 0.034375 0.08125