9 0.68046875 0.31484375 0.2359375 0.4046875
2 0.45703125 0.20390625 0.065625 0.1
2 0.50390625 0.203125 0.0484375 0.0875
2 0.55625 0.21640625 0.0546875 0.0921875
2 0.77109375 0.271875 0.0578125 0.096875
2 0.86953125 0.30625 0.0671875 0.1078125
2 0.96796875 0.3515625 0.0640625 0.134375
2 0.64921875 0.240625 0.053125 0.090625
4 0.4933108921875 0.29585311875000003 0.48671443593749997 0.3268870046875 0.5931239671874999 0.35761405 0.5980713093750001 0.334338634375 0.5186823703125001 0.3053004921875 0.56333604375 0.28843766875 0.552913678125 0.26823840625 0.4933108921875 0.29585311875000003
4 0.8535063765625001 0.37241503125 0.8489713125 0.39375082968749997 0.86105199375 0.43889091406249997 0.70501473125 0.3732881640625 0.70620411875 0.39989523125000004 0.881597740625 0.48177580468750003 0.8869573609374999 0.456560771875 0.8622383890625 0.374271078125 0.8535063765625001 0.37241503125
8 0.9367898421874999 0.8178673078124999 0.9391893515625 0.763641578125 0.3163957515625 0.4143469234375 0.30244945156249997 0.4316550484375 0.2984160640625 0.47784223125 0.9116141375 0.8611700546875 0.9367898421874999 0.8178673078124999
10 0.380115115625 0.4258636421875 0.423522975 0.14113896406249998 0.28298623125 0.1153214578125 0.1619274546875 0.11594387343749998 0.140972275 0.42409198437500006 0.2376415796875 0.5111332265625 0.380115115625 0.4258636421875
10 0.1623397328125 0.11400425624999999 0.081957178125 0.11110916875000001 0.0648714046875 0.37951789687500004 0.122158928125 0.43185087187500004 0.1427758453125 0.4260968796875 0.1623397328125 0.11400425624999999