9 0.61484375 0.26796875 0.2 0.39375
2 0.3671875 0.23203125 0.05625 0.096875
2 0.41171875 0.21640625 0.0390625 0.0859375
2 0.465625 0.21328125 0.0453125 0.090625
2 0.6875 0.19921875 0.0484375 0.09375
2 0.79140625 0.2015625 0.0578125 0.1046875
2 0.909375 0.2109375 0.0734375 0.13125
2 0.56171875 0.2078125 0.0453125 0.0890625
4 0.430553425 0.30791182500000003 0.43386982031250004 0.339465221875 0.5445664765625 0.335806025 0.54207918125 0.312140978125 0.457602534375 0.3090565953125 0.4948598015625 0.27922035312500004 0.4787056265625 0.2632304 0.430553425 0.30791182500000003
4 0.7967786203125 0.26942000625 0.7990586421875 0.2911129671875 0.82449710625 0.3303106046875 0.6558244859375 0.316136846875 0.6651776968750001 0.34107413124999997 0.8572894312500001 0.3647475734375 0.8545948593749999 0.3391104390625 0.80565680625 0.26848687187500003 0.7967786203125 0.26942000625
8 1 0.618043853125 0.999163621875 0.6150210671874999 0.29891372656250004 0.47527591718749995 0.2909985125 0.49604656562500005 0.30143515781249997 0.5412195718749999 1 0.7155298296875 1 0.618043853125
10 0.3630733046875 0.46653859999999997 0.31637186875 0.1823355734375 0.17473543281249998 0.20120990781249998 0.059794032812499995 0.23921108124999999 0.135087475 0.53875285625 0.253922671875 0.5916615390625 0.3630733046875 0.46653859999999997
10 0 0.32869365156249997 0.048937096875 0.5198768421875 0.11959254687500001 0.551945640625 0.13742232031249998 0.5401022906249999 0.0595867578125 0.23723899375 0 0.25425468125 0 0.32869365156249997