9 0.63046875 0.2765625 0.1734375 0.384375
2 0.38671875 0.2234375 0.05 0.0953125
2 0.43203125 0.2109375 0.034375 0.084375
2 0.4859375 0.2109375 0.0390625 0.0875
2 0.7078125 0.2125 0.04375 0.0921875
2 0.81171875 0.22265625 0.0515625 0.103125
2 0.92890625 0.240625 0.0640625 0.1265625
2 0.58203125 0.2125 0.0390625 0.0859375
4 0.4441219875 0.3035353953125 0.44522925 0.33524326875 0.5559115078125 0.33931479375 0.5550810609375 0.3155338875 0.47102535 0.30656422499999997 0.5102731328125001 0.2793995984375 0.49527371093749994 0.2623217390625 0.4441219875 0.3035353953125
4 0.8121401296874999 0.29068391718750003 0.8129013734375 0.31248308125 0.83554358125 0.3533597328125 0.66827055 0.3274544953125 0.6758614406250001 0.3529834796875 0.865853825 0.3900002921875 0.8649541734374999 0.36423764375 0.8210617812500001 0.2903723671875 0.8121401296874999 0.29068391718750003
8 1 0.6992343796875 0.9899242203125 0.6495607765625 0.301128228125 0.46130907343749994 0.29178340625 0.48147698906249997 0.29904352031250003 0.5272679796874999 0.9867623828125 0.7508632875 1 0.7052194671875001 1 0.6992343796875
10 0.365741 0.45706858749999996 0.33897832656250004 0.1703001375 0.1963703046875 0.1792484359375 0.0790580671875 0.2091391328125 0.133273121875 0.5132034453125 0.2481281171875 0.57427276875 0.365741 0.45706858749999996
10 0.0789888640625 0.207157390625 0.0002936296875 0.2237946 0.048649325 0.48836386562499995 0.11689565625000001 0.5252832203125 0.13550814687499999 0.5147124640625 0.0789888640625 0.207157390625