8 0.74921875 0.0796875 0.2625 0.125
10 0.92890625 0.13515625 0.1421875 0.1328125
10 0.97578125 0.1796875 0.0484375 0.178125
6 0.13515625 0.0890625 0.071875 0.0859375
5 0.24765625 0.109375 0.090625 0.0953125
3 0.21328125 0.07421875 0.0546875 0.065625
6 0.31953125 0.06640625 0.0546875 0.0625
1 0.3328125 0.03671875 0.0484375 0.0515625
5 0.3859375 0.04453125 0.0328125 0.0515625
3 0.36015625 0.11640625 0.071875 0.0890625
1 0.41640625 0.0796875 0.0546875 0.0765625
3 0.45 0.13984375 0.0421875 0.0640625
6 0.48828125 0.109375 0.0296875 0.046875
0 0.49609375 0.1859375 0.0875 0.1078125
5 0.465625 0.27734375 0.071875 0.1
1 0.5515625 0.15703125 0.0328125 0.0640625
0 0.61171875 0.29375 0.084375 0.1015625
0 0.67265625 0.26484375 0.05625 0.078125
4 0.3349842609375 0 0.0973659671875 0.0494987 0.0913864015625 0.0851455578125 0.09940147031249999 0.0925288828125 0.3619967875 0.021972584375 0.77143426875 0.275131553125 0.542160178125 0.6097755640625 0.5214042015625 0.6848791249999999 0.5709736390625 0.6996751875 0.8216833593749999 0.2829724921875 0.829955459375 0.24781292656249998 0.3840090140625 0 0.3349842609375 0