8 0.68046875 0.0453125 0.25625 0.0859375
10 0.8671875 0.0734375 0.1296875 0.115625
10 0.953125 0.10234375 0.09375 0.1640625
6 0.07578125 0.1515625 0.0609375 0.078125
5 0.18984375 0.15390625 0.0796875 0.0859375
3 0.15078125 0.12421875 0.046875 0.059375
6 0.25390625 0.1 0.046875 0.05625
1 0.26171875 0.06875 0.0421875 0.046875
5 0.31640625 0.06796875 0.0265625 0.05
3 0.30234375 0.14296875 0.0609375 0.08125
1 0.3515625 0.09765625 0.04375 0.071875
3 0.39375 0.1515625 0.034375 0.0609375
6 0.42734375 0.115625 0.0234375 0.0453125
0 0.44765625 0.190625 0.075 0.1
5 0.43125 0.28515625 0.0578125 0.09375
1 0.496875 0.153125 0.0234375 0.0625
0 0.578125 0.27890625 0.071875 0.09375
0 0.634375 0.24140625 0.0453125 0.0734375
4 0.288915871875 0.049446353124999995 0.7329152875 0.2354383828125 0.5588137984375 0.601828740625 0.550062146875 0.6792546015625 0.601335915625 0.68611413125 0.783772321875 0.235322096875 0.786442409375 0.1993013625 0.2928555640625 0.0190553359375 0.03184913125 0.11803095781249999 0.0315195796875 0.15417435468750001 0.0405909765625 0.16021294531250002 0.288915871875 0.049446353124999995